-0.005282857142859143
-0.005282857142859143
-0.007794017857136737
-0.0027716964285673384
-0.005282857142859143
-0.007794017857136737
-0.0027716964285673384
-0.012816339285720346
-0.00026053571428974465
-0.01532749999999794
-0.0027716964285673384
-0.0027716964285673384
-0.005282857142859143
-0.0027716964285673384
-0.0027716964285673384
-0.005282857142859143
-0.005282857142859143
-0.005282857142859143
-0.005282857142859143
-0.005282857142859143
-0.007794017857136737
-0.007794017857136737
-0.005282857142859143
-0.007794017857136737
-0.007794017857136737
-0.005282857142859143
-0.005282857142859143
-0.012816339285720346
-0.0027716964285673384
-0.01532749999999794
-0.010305178571428542
0.014806428571432662
-0.0027716964285673384
-0.005282857142859143
-0.005282857142859143
-0.022860982142859143
-0.005282857142859143
0.004761785714279654
-0.017838660714289745
-0.012816339285720346
-0.007794017857136737
-0.010305178571428542
-0.0027716964285673384
-0.017838660714289745
0.004761785714279654
-0.00026053571428974465
-0.01532749999999794
0.0072729464285714585
-0.01532749999999794
0.012295267857140857
