start,stop,num_samp,samp_period,C_UV_HWP,C_QP,C_PCC,B_C_HWP,B_HWP,B_QWP,A_HWP,A_QWP,A,B,Ap,Bp,C4,C5,C6,C7,A_SEM,B_SEM,Ap_SEM,Bp_SEM,C4_SEM,C5_SEM,C6_SEM,C7_SEM,note
2023-07-21_12-59-05,2023-07-21_12-59-20,5,3,65.38984151785714,-22.793805803571445,3.995256696428571,0.007843749999999997,0.001251220703125,135.00192236328127,0.00122851562497317,135.0001897583008,25300.933333333334,28536.26666666667,0.0,12889.933333333332,124.86666666666665,0.0,678.4666666666667,0.0,39.471283513742335,22.30256587131723,0.0,32.450029960609314,2.5090945688745077,0.0,4.4554585747273086,0.0,
2023-07-21_12-59-21,2023-07-21_12-59-36,5,3,65.38984151785714,-23.461774553571445,3.995256696428571,0.007843749999999997,0.001251220703125,135.00192236328127,0.00122851562497317,135.0001897583008,25413.86666666667,28661.86666666667,0.0,13018.133333333333,86.13333333333334,0.0,700.1333333333333,0.0,32.315390210307434,25.476917657623318,0.0,22.795126184730286,1.2364824660660927,0.0,6.532482937852444,0.0,
2023-07-21_12-59-37,2023-07-21_12-59-53,5,3,65.38984151785714,-24.129743303571445,3.995256696428571,0.007843749999999997,0.001251220703125,135.00192236328127,0.00122851562497317,135.0001897583008,25492.266666666666,28666.466666666664,0.0,12935.4,56.0,0.0,713.6000000000001,0.0,32.02731473116137,14.022442329668545,0.0,28.902979469636268,1.3038404810405293,0.0,7.1152418558097335,0.0,
2023-07-21_12-59-54,2023-07-21_13-00-09,5,3,65.38984151785714,-24.792689732142833,3.995256696428571,0.007843749999999997,0.001251220703125,135.00192236328127,0.00122851562497317,135.0001897583008,25413.866666666665,28485.6,0.0,12938.733333333334,45.93333333333332,0.0,715.8666666666666,0.0,33.985062077984445,25.879292451258724,0.0,31.165757562498808,1.6034684627740925,0.0,10.037485298176577,0.0,
2023-07-21_13-00-10,2023-07-21_13-00-25,5,3,65.38984151785714,-25.460658482142833,3.995256696428571,0.007843749999999997,0.001251220703125,135.00192236328127,0.00122851562497317,135.0001897583008,25481.733333333334,28610.933333333338,0.0,13004.266666666666,43.46666666666666,0.0,715.4666666666667,0.0,49.54452542915358,57.0141697787096,0.0,40.87873666236664,1.6885233522551926,0.0,9.743715923609429,0.0,
2023-07-21_13-00-26,2023-07-21_13-00-41,5,3,65.38984151785714,-26.123604910714278,3.995256696428571,0.007843749999999997,0.001251220703125,135.00192236328127,0.00122851562497317,135.0001897583008,25633.533333333333,28719.533333333333,0.0,13110.4,63.6,0.0,726.1333333333333,0.0,22.727027473423828,62.42458561247246,0.0,29.41152457418323,1.5180396715647602,0.0,2.9788140816998663,0.0,
2023-07-21_13-00-42,2023-07-21_13-00-57,5,3,65.38984151785714,-26.796595982142833,3.995256696428571,0.007843749999999997,0.001251220703125,135.00192236328127,0.00122851562497317,135.0001897583008,25577.466666666667,28562.933333333338,0.0,12990.333333333334,100.86666666666666,0.0,699.8,0.0,31.105126408502077,47.70480991356001,0.0,28.64165575598659,1.5441646429200624,0.0,8.086751854456502,0.0,
2023-07-21_13-00-58,2023-07-21_13-01-13,5,3,65.38984151785714,-27.464564732142833,3.995256696428571,0.007843749999999997,0.001251220703125,135.00192236328127,0.00122851562497317,135.0001897583008,25594.333333333336,28528.2,0.0,13083.933333333334,152.46666666666667,0.0,681.8,0.0,59.024947644572144,24.263507120319165,0.0,26.279776762116313,3.490622357752905,0.0,3.8421637422450194,0.0,
2023-07-21_13-01-14,2023-07-21_13-01-29,5,3,65.38984151785714,-28.135044642857167,3.995256696428571,0.007843749999999997,0.001251220703125,135.00192236328127,0.00122851562497317,135.0001897583008,25183.266666666666,28250.26666666667,0.0,12872.2,225.93333333333334,0.0,625.6666666666667,0.0,37.78115344395305,46.51515881946443,0.0,24.61584855332036,4.00610645001963,0.0,4.872827151094576,0.0,
2023-07-21_13-01-30,2023-07-21_13-01-45,5,3,65.38984151785714,-28.800502232142833,3.995256696428571,0.007843749999999997,0.001251220703125,135.00192236328127,0.00122851562497317,135.0001897583008,25162.13333333333,28197.86666666666,0.0,12858.2,303.0,0.0,591.0666666666667,0.0,32.329656148289864,30.127986251250842,0.0,14.235167719419396,3.428637565499685,0.0,5.232802520850788,0.0,
