start,stop,num_samp,samp_period,C_UV_HWP,C_QP,C_PCC,B_C_HWP,B_HWP,B_QWP,A_HWP,A_QWP,A,B,Ap,Bp,C4,C5,C6,C7,A_SEM,B_SEM,Ap_SEM,Bp_SEM,C4_SEM,C5_SEM,C6_SEM,C7_SEM,note
2023-07-21_12-56-13,2023-07-21_12-56-28,5,3,65.38984151785714,-22.791294642857167,3.995256696428571,0.007843749999999997,0.001251220703125,45.00018286132813,0.00122851562497317,135.0001897583008,25545.93333333333,28455.93333333333,0.0,13154.266666666666,1401.3333333333333,0.0,64.66666666666666,0.0,58.809617505226825,42.99798444888629,0.0,16.905423192967756,14.777610692455617,0.0,1.468181036369682,0.0,
2023-07-21_12-56-29,2023-07-21_12-56-44,5,3,65.38984151785714,-23.461774553571445,3.995256696428571,0.007843749999999997,0.001251220703125,45.00018286132813,0.00122851562497317,135.0001897583008,25477.26666666667,28394.4,0.0,13064.733333333334,1445.2666666666667,0.0,50.13333333333333,0.0,81.83420909239494,48.05291065296875,0.0,12.234014513278611,4.6528366497104825,0.0,1.671991493864594,0.0,
2023-07-21_12-56-45,2023-07-21_12-57-00,5,3,65.38984151785714,-24.139787946428555,3.995256696428571,0.007843749999999997,0.001251220703125,45.00018286132813,0.00122851562497317,135.0001897583008,25523.73333333333,28379.8,0.0,13090.599999999999,1473.4666666666667,0.0,36.733333333333334,0.0,67.52155211486199,45.3363479389819,0.0,50.09561967987951,11.894256316951175,0.0,0.6616477747093075,0.0,
2023-07-21_12-57-01,2023-07-21_12-57-16,5,3,65.38984151785714,-24.795200892857167,3.995256696428571,0.007843749999999997,0.001251220703125,45.00018286132813,0.00122851562497317,135.0001897583008,25524.73333333333,28327.0,0.0,13077.933333333332,1514.8,0.0,26.933333333333337,0.0,31.114376812728533,58.99689257353615,0.0,23.73567404187666,9.505904597786705,0.0,2.57638851452528,0.0,
2023-07-21_12-57-17,2023-07-21_12-57-33,5,3,65.38984151785714,-25.465680803571445,3.995256696428571,0.007843749999999997,0.001251220703125,45.00018286132813,0.00122851562497317,135.0001897583008,25588.866666666665,28512.6,0.0,13141.533333333335,1522.8666666666668,0.0,26.46666666666666,0.0,31.030916483046173,39.608837397732415,0.0,37.086175921014394,7.671447784552205,0.0,0.8602325267042624,0.0,
2023-07-21_12-57-33,2023-07-21_12-57-49,5,3,65.38984151785714,-26.136160714285722,3.995256696428571,0.007843749999999997,0.001251220703125,45.00018286132813,0.00122851562497317,135.0001897583008,25671.733333333334,28540.4,0.0,13185.4,1502.8666666666668,0.0,33.333333333333336,0.0,31.47245709434798,33.612563788626005,0.0,24.576953974540295,12.659910478883084,0.0,1.5740958604156798,0.0,
2023-07-21_12-57-49,2023-07-21_12-58-05,5,3,65.38984151785714,-26.801618303571445,3.995256696428571,0.007843749999999997,0.001251220703125,45.00018286132813,0.00122851562497317,135.0001897583008,25675.399999999998,28481.533333333336,0.0,13154.8,1476.7333333333336,0.0,50.199999999999996,0.0,42.43078023217509,38.604346329856924,0.0,12.995982285135645,6.282603848016454,0.0,1.3564659966250534,0.0,
2023-07-21_12-58-05,2023-07-21_12-58-21,5,3,65.38984151785714,-27.469587053571445,3.995256696428571,0.007843749999999997,0.001251220703125,45.00018286132813,0.00122851562497317,135.0001897583008,25645.333333333332,28435.0,0.0,13221.333333333332,1421.5333333333333,0.0,69.66666666666666,0.0,70.31935090080873,36.55665314123977,0.0,12.072926553058975,11.05873209529714,0.0,2.2410315085295496,0.0,
2023-07-21_12-58-22,2023-07-21_12-58-37,5,3,65.38984151785714,-28.130022321428555,3.995256696428571,0.007843749999999997,0.001251220703125,45.00018286132813,0.00122851562497317,135.0001897583008,25654.4,28291.2,0.0,13088.8,1377.1333333333332,0.0,106.53333333333333,0.0,56.38059161724984,37.22672277932724,0.0,27.307833633918527,11.203471684160098,0.0,1.0413666234542203,0.0,
2023-07-21_12-58-38,2023-07-21_12-58-53,5,3,65.38984151785714,-28.790457589285722,3.995256696428571,0.007843749999999997,0.001251220703125,45.00018286132813,0.00122851562497317,135.0001897583008,25453.86666666667,28234.8,0.0,13071.733333333334,1300.7999999999997,0.0,146.0,0.0,34.037332445419395,70.11843948317424,0.0,35.837038568125685,8.909794859840718,0.0,2.1934245168482813,0.0,
