start,stop,num_samp,samp_period,C_UV_HWP,C_QP,C_PCC,B_C_HWP,B_HWP,B_QWP,A_HWP,A_QWP,A,B,Ap,Bp,C4,C5,C6,C7,A_SEM,B_SEM,Ap_SEM,Bp_SEM,C4_SEM,C5_SEM,C6_SEM,C7_SEM,note
2023-07-21_12-41-25,2023-07-21_12-41-41,5,3,65.38984151785714,-22.806361607142833,3.995256696428571,0.007843749999999997,0.001251220703125,135.00192236328127,67.49975985717774,-0.002594970703114541,25575.733333333334,28376.933333333338,0.0,12883.666666666666,1149.4666666666667,0.0,234.4,0.0,16.884378052573474,38.56558627124002,0.0,25.885860576341262,6.399305517875435,0.0,4.1970889382470284,0.0,
2023-07-21_12-41-42,2023-07-21_12-41-57,5,3,65.38984151785714,-23.459263392857167,3.995256696428571,0.007843749999999997,0.001251220703125,135.00192236328127,67.49975985717774,-0.002594970703114541,25545.4,28514.666666666668,0.0,12919.533333333335,1049.9333333333332,0.0,275.6,0.0,47.82193824781421,30.258882993262915,0.0,14.531804200901455,3.5077691549536825,0.0,1.8269586141392948,0.0,
2023-07-21_12-41-58,2023-07-21_12-42-13,5,3,65.38984151785714,-24.132254464285722,3.995256696428571,0.007843749999999997,0.001251220703125,135.00192236328127,67.49975985717774,-0.002594970703114541,25625.533333333333,28602.0,0.0,12944.666666666666,959.2666666666668,0.0,320.06666666666666,0.0,55.074454655089724,39.43264299198489,0.0,7.594588716828633,13.672925396157517,0.0,5.0015553136555,0.0,
2023-07-21_12-42-14,2023-07-21_12-42-29,5,3,65.38984151785714,-24.792689732142833,3.995256696428571,0.007843749999999997,0.001251220703125,135.00192236328127,67.49975985717774,-0.002594970703114541,25557.466666666667,28543.0,0.0,12898.6,870.9333333333332,0.0,368.9333333333333,0.0,54.74116874488093,11.230909728661079,0.0,35.45441517717583,3.9544630201555555,0.0,5.896703410475307,0.0,
2023-07-21_12-42-30,2023-07-21_12-42-45,5,3,65.38984151785714,-25.468191964285722,3.995256696428571,0.007843749999999997,0.001251220703125,135.00192236328127,67.49975985717774,-0.002594970703114541,25701.4,28598.13333333333,0.0,12988.2,758.5333333333334,0.0,417.6,0.0,54.83018228028114,38.955473157040664,0.0,27.09050674231759,7.65622477320106,0.0,4.205023450852833,0.0,
2023-07-21_12-42-46,2023-07-21_12-43-01,5,3,65.38984151785714,-26.133649553571445,3.995256696428571,0.007843749999999997,0.001251220703125,135.00192236328127,67.49975985717774,-0.002594970703114541,25785.666666666668,28650.733333333337,0.0,13008.933333333332,643.6666666666667,0.0,484.8,0.0,60.88851378635467,39.39309020063775,0.0,30.696615810577786,6.8669902836363175,0.0,5.888406688853392,0.0,
2023-07-21_12-43-02,2023-07-21_12-43-17,5,3,65.38984151785714,-26.796595982142833,3.995256696428571,0.007843749999999997,0.001251220703125,135.00192236328127,67.49975985717774,-0.002594970703114541,25658.93333333333,28469.6,0.0,12984.066666666668,534.8,0.0,533.4666666666667,0.0,48.656208922054816,37.33949353938514,0.0,17.45355742153075,5.137660513848257,0.0,6.777085574853618,0.0,
2023-07-21_12-43-18,2023-07-21_12-43-33,5,3,65.38984151785714,-27.469587053571445,3.995256696428571,0.007843749999999997,0.001251220703125,135.00192236328127,67.49975985717774,-0.002594970703114541,25691.133333333335,28456.0,0.0,12954.399999999998,416.7333333333333,0.0,576.8666666666666,0.0,28.418812235716075,47.31701596677459,0.0,29.933890121027925,3.8678159211627463,0.0,6.893313990946413,0.0,
2023-07-21_12-43-34,2023-07-21_12-43-50,5,3,65.38984151785714,-28.130022321428555,3.995256696428571,0.007843749999999997,0.001251220703125,135.00192236328127,67.49975985717774,-0.002594970703114541,25547.6,28295.8,0.0,12938.133333333333,320.06666666666666,0.0,615.6666666666667,0.0,63.34854203356066,33.9294365804483,0.0,27.514965624789358,3.325657829663178,0.0,5.937638887264494,0.0,
2023-07-21_12-43-51,2023-07-21_12-44-06,5,3,65.38984151785714,-28.800502232142833,3.995256696428571,0.007843749999999997,0.001251220703125,135.00192236328127,67.49975985717774,-0.002594970703114541,25174.533333333336,28049.8,0.0,12833.733333333334,228.13333333333335,0.0,653.0000000000001,0.0,36.82414666734,28.461982440519648,0.0,20.514331034127636,2.363142916635477,0.0,6.374428078920755,0.0,
