start,stop,num_samp,samp_period,C_UV_HWP,C_QP,C_PCC,B_C_HWP,B_HWP,B_QWP,A_HWP,A_QWP,A,B,Ap,Bp,C4,C5,C6,C7,A_SEM,B_SEM,Ap_SEM,Bp_SEM,C4_SEM,C5_SEM,C6_SEM,C7_SEM,note
2023-07-21_12-53-09,2023-07-21_12-53-24,5,3,65.38984151785714,-22.798828125,3.995256696428571,0.007843749999999997,0.001251220703125,135.00192236328127,0.00122851562497317,45.00006387329101,25232.266666666666,28512.6,0.0,12904.0,1451.6666666666667,0.0,67.33333333333334,0.0,46.75377584276539,40.93998317320437,0.0,24.574602969552082,17.40912915047098,0.0,1.0000000000000009,0.0,
2023-07-21_12-53-25,2023-07-21_12-53-40,5,3,65.38984151785714,-23.466796875,3.995256696428571,0.007843749999999997,0.001251220703125,135.00192236328127,0.00122851562497317,45.00006387329101,25388.666666666668,28611.6,0.0,12969.933333333334,1488.2666666666667,0.0,44.46666666666666,0.0,27.765886343577233,55.53681461677255,0.0,16.128787238282214,4.465173879904102,0.0,2.5046623192225606,0.0,
2023-07-21_12-53-41,2023-07-21_12-53-56,5,3,65.38984151785714,-24.129743303571445,3.995256696428571,0.007843749999999997,0.001251220703125,135.00192236328127,0.00122851562497317,45.00006387329101,25530.533333333333,28628.93333333333,0.0,13037.2,1523.6000000000001,0.0,33.93333333333333,0.0,52.32861974526418,25.884229432867404,0.0,31.466137001191882,5.67978872846517,0.0,1.3597385369580754,0.0,
2023-07-21_12-53-57,2023-07-21_12-54-12,5,3,65.38984151785714,-24.792689732142833,3.995256696428571,0.007843749999999997,0.001251220703125,135.00192236328127,0.00122851562497317,45.00006387329101,25391.8,28521.933333333338,0.0,12974.866666666665,1532.6666666666667,0.0,23.866666666666667,0.0,32.26911147762787,35.317984087430695,0.0,53.507797977906506,12.2420041932139,0.0,1.2719189352225946,0.0,
2023-07-21_12-54-13,2023-07-21_12-54-29,5,3,65.38984151785714,-25.470703125,3.995256696428571,0.007843749999999997,0.001251220703125,135.00192236328127,0.00122851562497317,45.00006387329101,25687.06666666667,28772.2,0.0,13073.733333333334,1564.8666666666666,0.0,23.866666666666667,0.0,72.64062224403109,63.83804160181936,0.0,23.809755236970517,7.393390441618955,0.0,1.3605554421305697,0.0,
2023-07-21_12-54-30,2023-07-21_12-54-45,5,3,65.38984151785714,-26.128627232142833,3.995256696428571,0.007843749999999997,0.001251220703125,135.00192236328127,0.00122851562497317,45.00006387329101,25648.200000000004,28809.0,0.0,13098.733333333334,1555.4666666666667,0.0,30.133333333333333,0.0,45.805943331018156,27.617828380313146,0.0,12.900215329813447,8.694570464120416,0.0,0.847217668475923,0.0,
2023-07-21_12-54-46,2023-07-21_12-55-01,5,3,65.38984151785714,-26.799107142857167,3.995256696428571,0.007843749999999997,0.001251220703125,135.00192236328127,0.00122851562497317,45.00006387329101,25704.2,28829.86666666666,0.0,13096.2,1539.0666666666664,0.0,48.33333333333333,0.0,55.03621030234941,40.24406098350982,0.0,22.3896305363789,12.03208673136589,0.0,1.949358868961792,0.0,
2023-07-21_12-55-02,2023-07-21_12-55-17,5,3,65.38984151785714,-27.462053571428555,3.995256696428571,0.007843749999999997,0.001251220703125,135.00192236328127,0.00122851562497317,45.00006387329101,25679.6,28622.466666666667,0.0,13059.666666666666,1472.3333333333335,0.0,68.79999999999998,0.0,57.76334862561617,32.14111247469659,0.0,21.57004095190054,6.38400779726622,0.0,2.441766209574993,0.0,
2023-07-21_12-55-18,2023-07-21_12-55-34,5,3,65.38984151785714,-28.140066964285722,3.995256696428571,0.007843749999999997,0.001251220703125,135.00192236328127,0.00122851562497317,45.00006387329101,25725.13333333333,28593.266666666663,0.0,13065.8,1412.9333333333334,0.0,104.73333333333332,0.0,33.108005074302,22.80677287318159,0.0,16.83402638837304,5.588082557252225,0.0,1.9419348884839363,0.0,
2023-07-21_12-55-35,2023-07-21_12-55-50,5,3,65.38984151785714,-28.805524553571445,3.995256696428571,0.007843749999999997,0.001251220703125,135.00192236328127,0.00122851562497317,45.00006387329101,25537.199999999997,28277.13333333334,0.0,13036.666666666668,1322.5333333333333,0.0,141.99999999999997,0.0,43.94322094096729,32.60480537180526,0.0,36.81605929784203,6.224146527838173,0.0,2.5188180649750094,0.0,
