start,stop,num_samp,samp_period,C_UV_HWP,C_QP,C_PCC,B_C_HWP,B_HWP,B_QWP,A_HWP,A_QWP,A,B,Ap,Bp,C4,C5,C6,C7,A_SEM,B_SEM,Ap_SEM,Bp_SEM,C4_SEM,C5_SEM,C6_SEM,C7_SEM,note
2023-07-21_10-10-31,2023-07-21_10-10-46,5,3,22.499216517857143,-34.993024553571445,4.002790178571429,0.005332589285714284,0.001251220703125,45.00021337890625,22.500216667175295,-0.002594970703114541,22646.86666666667,25352.4,0.0,11707.2,1185.8000000000002,0.0,124.93333333333332,0.0,16.70382524387092,38.39348903134512,0.0,27.791405545999602,5.837236789212286,0.0,3.1927000067863163,0.0,
2023-07-21_10-10-47,2023-07-21_10-11-02,5,3,22.499216517857143,-33.15485491071428,4.002790178571429,0.005332589285714284,0.001251220703125,45.00021337890625,22.500216667175295,-0.002594970703114541,23503.4,26277.666666666668,0.0,12118.4,1384.9333333333332,0.0,39.13333333333333,0.0,29.653442745601293,29.1627616433468,0.0,15.937865464219138,7.9017578916199245,0.0,1.4929463784372456,0.0,
2023-07-21_10-11-03,2023-07-21_10-11-18,5,3,22.499216517857143,-31.319196428571445,4.002790178571429,0.005332589285714284,0.001251220703125,45.00021337890625,22.500216667175295,-0.002594970703114541,24292.8,27289.8,0.0,12439.533333333335,1466.3333333333333,0.0,30.0,0.0,54.08158446068069,28.91762246259038,0.0,36.15393016902412,10.920927921503125,0.0,0.8692269873603526,0.0,
2023-07-21_10-11-19,2023-07-21_10-11-35,5,3,22.499216517857143,-29.468470982142833,4.002790178571429,0.005332589285714284,0.001251220703125,45.00021337890625,22.500216667175295,-0.002594970703114541,25208.466666666667,28218.2,0.0,12919.399999999998,1340.8,0.0,100.4,0.0,37.40983233797703,27.328576821910953,0.0,28.53757756596267,12.609343978001208,0.0,4.63489182422009,0.0,
2023-07-21_10-11-35,2023-07-21_10-11-50,5,3,22.499216517857143,-27.625279017857167,4.002790178571429,0.005332589285714284,0.001251220703125,45.00021337890625,22.500216667175295,-0.002594970703114541,25140.933333333334,28216.0,0.0,12818.6,1079.9333333333332,0.0,224.2,0.0,13.812393790441028,46.98427632966436,0.0,17.425205243490574,10.95313247939199,0.0,4.1252609345079945,0.0,
2023-07-21_10-11-51,2023-07-21_10-12-07,5,3,22.499216517857143,-25.779575892857167,4.002790178571429,0.005332589285714284,0.001251220703125,45.00021337890625,22.500216667175295,-0.002594970703114541,25307.999999999996,28281.0,0.0,12894.866666666667,762.8666666666666,0.0,367.1333333333333,0.0,43.82858022391864,21.48694694201286,0.0,38.51011411160563,6.6546558471828225,0.0,5.6180265416089155,0.0,
2023-07-21_10-12-08,2023-07-21_10-12-23,5,3,22.499216517857143,-23.953962053571445,4.002790178571429,0.005332589285714284,0.001251220703125,45.00021337890625,22.500216667175295,-0.002594970703114541,25641.8,28523.4,0.0,13057.733333333334,474.5333333333334,0.0,520.3999999999999,0.0,24.723043681733284,45.17501767816216,0.0,37.66628318388845,7.168294388796015,0.0,8.693164620039761,0.0,
2023-07-21_10-12-24,2023-07-21_10-12-39,5,3,22.499216517857143,-22.105747767857167,4.002790178571429,0.005332589285714284,0.001251220703125,45.00021337890625,22.500216667175295,-0.002594970703114541,25733.6,28484.533333333333,0.0,13069.333333333332,259.8666666666667,0.0,620.0,0.0,32.45208433641484,45.13604127769987,0.0,34.11532728196455,6.2348483007474425,0.0,5.743595467030105,0.0,
2023-07-21_10-12-40,2023-07-21_10-12-55,5,3,22.499216517857143,-20.260044642857167,4.002790178571429,0.005332589285714284,0.001251220703125,45.00021337890625,22.500216667175295,-0.002594970703114541,25599.8,28415.0,0.0,13030.933333333332,99.8,0.0,691.6000000000001,0.0,69.0563859787381,30.448316866454206,0.0,53.3636788670178,2.88790581563873,0.0,6.039131652076417,0.0,
2023-07-21_10-12-56,2023-07-21_10-13-11,5,3,22.499216517857143,-18.414341517857167,4.002790178571429,0.005332589285714284,0.001251220703125,45.00021337890625,22.500216667175295,-0.002594970703114541,26111.466666666667,28905.0,0.0,13265.333333333332,47.06666666666667,0.0,732.3333333333334,0.0,59.92593576889506,36.39535989961158,0.0,40.49293491188036,1.6812693617224654,0.0,6.056218108504495,0.0,
2023-07-21_10-13-12,2023-07-21_10-13-27,5,3,22.499216517857143,-16.573660714285722,4.002790178571429,0.005332589285714284,0.001251220703125,45.00021337890625,22.500216667175295,-0.002594970703114541,26335.13333333333,28919.4,0.0,13328.6,54.533333333333324,0.0,735.3333333333334,0.0,45.8591563618673,36.0458658440108,0.0,29.928321777948895,0.9345230512584126,0.0,7.616502551113005,0.0,
2023-07-21_10-13-28,2023-07-21_10-13-44,5,3,22.499216517857143,-14.738002232142833,4.002790178571429,0.005332589285714284,0.001251220703125,45.00021337890625,22.500216667175295,-0.002594970703114541,26387.26666666667,29048.13333333334,0.0,13314.8,118.6,0.0,713.6000000000001,0.0,42.401310252292056,56.59206854517872,0.0,15.179518364486285,3.115195731321619,0.0,5.498888776632754,0.0,
2023-07-21_10-13-45,2023-07-21_10-14-00,5,3,22.499216517857143,-12.897321428571445,4.002790178571429,0.005332589285714284,0.001251220703125,45.00021337890625,22.500216667175295,-0.002594970703114541,26009.6,28605.13333333333,0.0,13096.466666666665,220.6,0.0,647.8,0.0,47.2322159359718,55.98666507898705,0.0,29.256072494061304,4.934459330959057,0.0,8.394177876494037,0.0,
2023-07-21_10-14-01,2023-07-21_10-14-16,5,3,22.499216517857143,-11.056640625,4.002790178571429,0.005332589285714284,0.001251220703125,45.00021337890625,22.500216667175295,-0.002594970703114541,26264.4,28896.93333333333,0.0,13298.933333333334,343.0666666666667,0.0,603.1333333333334,0.0,8.09554061059423,19.78422491672499,0.0,40.72787743057585,6.830812543175226,0.0,6.683811287980331,0.0,
2023-07-21_10-14-17,2023-07-21_10-14-32,5,3,22.499216517857143,-9.213448660714278,4.002790178571429,0.005332589285714284,0.001251220703125,45.00021337890625,22.500216667175295,-0.002594970703114541,26046.13333333333,28644.26666666667,0.0,13232.6,462.7333333333333,0.0,554.5999999999999,0.0,62.50871939177738,18.875733981314124,0.0,25.164436987321743,2.819377393838733,0.0,3.4438350715445196,0.0,
2023-07-21_10-14-33,2023-07-21_10-14-48,5,3,22.499216517857143,-7.362723214285722,4.002790178571429,0.005332589285714284,0.001251220703125,45.00021337890625,22.500216667175295,-0.002594970703114541,26006.533333333333,28625.6,0.0,13145.933333333334,555.8666666666667,0.0,495.6666666666667,0.0,54.24538894894402,44.02516956873135,0.0,22.795564870776662,4.784930047091133,0.0,3.85717225150469,0.0,
2023-07-21_10-14-49,2023-07-21_10-15-05,5,3,22.499216517857143,-5.529575892857167,4.002790178571429,0.005332589285714284,0.001251220703125,45.00021337890625,22.500216667175295,-0.002594970703114541,25700.4,28269.666666666668,0.0,13005.4,646.6,0.0,456.0666666666666,0.0,49.8861370188818,39.85822095600573,0.0,18.204517143952117,8.097599095479536,0.0,5.417461480148135,0.0,
2023-07-21_10-15-06,2023-07-21_10-15-21,5,3,22.499216517857143,-3.686383928571445,4.002790178571429,0.005332589285714284,0.001251220703125,45.00021337890625,22.500216667175295,-0.002594970703114541,26002.866666666665,28647.0,0.0,13181.333333333334,716.2666666666667,0.0,421.2666666666666,0.0,75.68594468078123,46.95754583782147,0.0,19.702509710412357,9.247462114307668,0.0,2.985892756874494,0.0,
2023-07-21_10-15-22,2023-07-21_10-15-37,5,3,22.499216517857143,-1.8331473214285552,4.002790178571429,0.005332589285714284,0.001251220703125,45.00021337890625,22.500216667175295,-0.002594970703114541,25446.8,28059.733333333337,0.0,12906.8,713.8,0.0,403.8666666666667,0.0,31.153847631106977,24.5051921935831,0.0,28.497095368553662,5.869506888241222,0.0,5.402262900345041,0.0,
2023-07-21_10-15-38,2023-07-21_10-15-53,5,3,22.499216517857143,-0.002511160714277594,4.002790178571429,0.005332589285714284,0.001251220703125,45.00021337890625,22.500216667175295,-0.002594970703114541,25695.466666666667,28345.266666666663,0.0,13036.733333333334,763.1333333333333,0.0,387.4,0.0,46.292740011558564,45.203048078150076,0.0,15.41838729136955,6.91262934377683,0.0,4.235301379804956,0.0,
