start,stop,num_samp,samp_period,C_UV_HWP,C_QP,C_PCC,B_C_HWP,B_HWP,B_QWP,A_HWP,A_QWP,A,B,Ap,Bp,C4,C5,C6,C7,A_SEM,B_SEM,Ap_SEM,Bp_SEM,C4_SEM,C5_SEM,C6_SEM,C7_SEM,note
2023-07-21_09-59-16,2023-07-21_09-59-32,5,3,22.499216517857143,-34.998046875,4.002790178571429,0.005332589285714284,0.001251220703125,45.002303833007815,67.50236529541016,-0.002594970703114541,22649.466666666667,25230.666666666664,0.0,11658.4,230.93333333333334,0.0,576.4666666666666,0.0,30.596041864558067,44.32819519097173,0.0,22.657694302622893,2.0149441679609894,0.0,7.548804173141894,0.0,
2023-07-21_09-59-33,2023-07-21_09-59-48,5,3,22.499216517857143,-33.15234375,4.002790178571429,0.005332589285714284,0.001251220703125,45.002303833007815,67.50236529541016,-0.002594970703114541,23489.733333333334,26296.666666666668,0.0,12077.733333333334,65.73333333333333,0.0,662.9999999999999,0.0,30.98591077678182,49.40051731622927,0.0,13.50489623144978,2.1587033144922905,0.0,6.595452979136455,0.0,
2023-07-21_09-59-49,2023-07-21_10-00-04,5,3,22.499216517857143,-31.319196428571445,4.002790178571429,0.005332589285714284,0.001251220703125,45.002303833007815,67.50236529541016,-0.002594970703114541,24435.733333333334,27492.533333333336,0.0,12514.400000000001,60.8,0.0,702.2666666666667,0.0,81.59046785283478,43.07649526649606,0.0,26.88481603681408,2.5595138427269952,0.0,5.98832196863194,0.0,
2023-07-21_10-00-05,2023-07-21_10-00-20,5,3,22.499216517857143,-29.468470982142833,4.002790178571429,0.005332589285714284,0.001251220703125,45.002303833007815,67.50236529541016,-0.002594970703114541,24959.2,28034.2,0.0,12749.066666666668,223.0,0.0,634.3333333333334,0.0,27.137018586753143,18.592889919416898,0.0,35.2904456695515,5.986094998689323,0.0,7.0647796222607715,0.0,
2023-07-21_10-00-21,2023-07-21_10-00-36,5,3,22.499216517857143,-27.625279017857167,4.002790178571429,0.005332589285714284,0.001251220703125,45.002303833007815,67.50236529541016,-0.002594970703114541,25147.533333333333,28237.6,0.0,12842.066666666666,496.4,0.0,533.0,0.0,28.99762442377378,77.31877736574316,0.0,14.221814230259163,5.433844556726539,0.0,6.92499498595887,0.0,
2023-07-21_10-00-37,2023-07-21_10-00-52,5,3,22.499216517857143,-25.779575892857167,4.002790178571429,0.005332589285714284,0.001251220703125,45.002303833007815,67.50236529541016,-0.002594970703114541,25158.666666666664,28200.666666666664,0.0,12860.266666666666,791.0666666666667,0.0,372.53333333333336,0.0,31.784517544797797,35.93280766467688,0.0,36.00654261535112,10.494125340716412,0.0,2.482382368254782,0.0,
2023-07-21_10-00-53,2023-07-21_10-01-08,5,3,22.499216517857143,-23.94140625,4.002790178571429,0.005332589285714284,0.001251220703125,45.002303833007815,67.50236529541016,-0.002594970703114541,25342.533333333333,28372.2,0.0,13004.266666666666,1106.0666666666666,0.0,245.33333333333334,0.0,31.279137527183398,43.335205087780494,0.0,19.94754231589564,8.194442561205072,0.0,3.023978248011127,0.0,
2023-07-21_10-01-09,2023-07-21_10-01-24,5,3,22.499216517857143,-22.095703125,4.002790178571429,0.005332589285714284,0.001251220703125,45.002303833007815,67.50236529541016,-0.002594970703114541,25522.733333333334,28455.13333333334,0.0,13000.933333333332,1344.1333333333332,0.0,138.93333333333334,0.0,59.82403827522481,101.73716681287651,0.0,20.23182311771878,9.464318957713397,0.0,2.4092414666123534,0.0,
2023-07-21_10-01-25,2023-07-21_10-01-40,5,3,22.499216517857143,-20.257533482142833,4.002790178571429,0.005332589285714284,0.001251220703125,45.002303833007815,67.50236529541016,-0.002594970703114541,25475.733333333334,28310.4,0.0,13017.266666666666,1459.9333333333334,0.0,61.33333333333333,0.0,30.432146745761454,44.90562944170362,0.0,32.408057982887854,8.572177215983237,0.0,0.9831920802501747,0.0,
2023-07-21_10-01-41,2023-07-21_10-01-56,5,3,22.499216517857143,-18.426897321428555,4.002790178571429,0.005332589285714284,0.001251220703125,45.002303833007815,67.50236529541016,-0.002594970703114541,26057.733333333334,28777.733333333337,0.0,13238.4,1541.8666666666666,0.0,33.46666666666666,0.0,28.007419651862676,39.16268064823372,0.0,45.17526363447654,8.48109007668761,0.0,0.5228129047119375,0.0,
2023-07-21_10-01-57,2023-07-21_10-02-12,5,3,22.499216517857143,-16.583705357142833,4.002790178571429,0.005332589285714284,0.001251220703125,45.002303833007815,67.50236529541016,-0.002594970703114541,26097.266666666666,28710.4,0.0,13275.933333333334,1542.7333333333333,0.0,34.93333333333333,0.0,62.05386548976789,54.694952031953925,0.0,34.8132158813289,10.577439303641595,0.0,2.101322334996598,0.0,
2023-07-21_10-02-13,2023-07-21_10-02-28,5,3,22.499216517857143,-14.738002232142833,4.002790178571429,0.005332589285714284,0.001251220703125,45.002303833007815,67.50236529541016,-0.002594970703114541,26208.733333333334,28801.0,0.0,13300.266666666668,1492.7333333333331,0.0,66.13333333333333,0.0,60.99520928364382,33.096324065773004,0.0,31.942900445778243,12.841512545040992,0.0,1.1766241729815183,0.0,
2023-07-21_10-02-29,2023-07-21_10-02-44,5,3,22.499216517857143,-12.889787946428555,4.002790178571429,0.005332589285714284,0.001251220703125,45.002303833007815,67.50236529541016,-0.002594970703114541,25954.26666666667,28507.26666666667,0.0,13184.866666666665,1342.8,0.0,112.13333333333333,0.0,71.64863339008409,59.365197436432865,0.0,34.513218079776465,8.219624214173168,0.0,3.789752263964259,0.0,
2023-07-21_10-02-45,2023-07-21_10-03-00,5,3,22.499216517857143,-11.059151785714278,4.002790178571429,0.005332589285714284,0.001251220703125,45.002303833007815,67.50236529541016,-0.002594970703114541,26294.6,28934.8,0.0,13379.6,1249.7333333333331,0.0,171.13333333333335,0.0,15.029378637263443,83.5982190134587,0.0,40.38913495263588,8.121576201698781,0.0,3.8580363456614117,0.0,
2023-07-21_10-03-01,2023-07-21_10-03-16,5,3,22.499216517857143,-9.208426339285722,4.002790178571429,0.005332589285714284,0.001251220703125,45.002303833007815,67.50236529541016,-0.002594970703114541,25882.8,28384.6,0.0,13056.466666666667,1126.4,0.0,223.0,0.0,25.24053177816248,48.76228050450443,0.0,40.665655725139146,3.559650419789975,0.0,4.810867327670182,0.0,
2023-07-21_10-03-17,2023-07-21_10-03-33,5,3,22.499216517857143,-7.365234375,4.002790178571429,0.005332589285714284,0.001251220703125,45.002303833007815,67.50236529541016,-0.002594970703114541,25960.799999999996,28546.06666666667,0.0,13172.133333333335,986.8666666666666,0.0,280.2666666666666,0.0,53.752891395099134,64.3127255422028,0.0,32.23207512194445,6.863429657734288,0.0,3.2768548606518686,0.0,
2023-07-21_10-03-33,2023-07-21_10-03-49,5,3,22.499216517857143,-5.517020089285722,4.002790178571429,0.005332589285714284,0.001251220703125,45.002303833007815,67.50236529541016,-0.002594970703114541,25776.73333333333,28234.86666666667,0.0,13066.133333333333,916.4666666666666,0.0,315.8,0.0,31.505096589458486,46.85979086594351,0.0,26.61966691502129,10.278672633716432,0.0,3.234535858855518,0.0,
2023-07-21_10-03-50,2023-07-21_10-04-05,5,3,22.499216517857143,-3.6763392857142776,4.002790178571429,0.005332589285714284,0.001251220703125,45.002303833007815,67.50236529541016,-0.002594970703114541,26110.26666666667,28727.86666666666,0.0,13252.6,849.8666666666668,0.0,350.1333333333333,0.0,39.845590861613786,31.800873503027848,0.0,15.825928092848043,6.182951470688477,0.0,2.2866763848189944,0.0,
2023-07-21_10-04-06,2023-07-21_10-04-21,5,3,22.499216517857143,-1.8381696428571672,4.002790178571429,0.005332589285714284,0.001251220703125,45.002303833007815,67.50236529541016,-0.002594970703114541,25633.799999999996,28054.4,0.0,12989.866666666669,805.1333333333333,0.0,352.6666666666667,0.0,41.981027460826745,18.611645100133607,0.0,28.360496782986303,6.942301891703904,0.0,7.095381909696223,0.0,
2023-07-21_10-04-22,2023-07-21_10-04-37,5,3,22.499216517857143,0.005022321428571428,4.002790178571429,0.005332589285714284,0.001251220703125,45.002303833007815,67.50236529541016,-0.002594970703114541,25885.6,28323.333333333332,0.0,13043.733333333334,788.4666666666667,0.0,373.8666666666667,0.0,44.095779591450246,54.14835587942156,0.0,37.107711088427614,5.02836399283549,0.0,4.859812524962025,0.0,
