start,stop,num_samp,samp_period,C_UV_HWP,C_QP,C_PCC,B_C_HWP,B_HWP,B_QWP,A_HWP,A_QWP,A,B,Ap,Bp,C4,C5,C6,C7,A_SEM,B_SEM,Ap_SEM,Bp_SEM,C4_SEM,C5_SEM,C6_SEM,C7_SEM,note
2023-07-21_10-33-14,2023-07-21_10-33-29,5,3,22.499216517857143,-34.993024553571445,4.002790178571429,0.005332589285714284,0.001251220703125,45.00021337890625,0.00122851562497317,135.0001897583008,22386.2,25299.133333333335,0.0,11710.866666666667,1160.0,0.0,107.8,0.0,71.8291646122166,71.38040502982737,0.0,22.725071812623497,4.877385456255117,0.0,1.5620499351813295,0.0,
2023-07-21_10-33-30,2023-07-21_10-33-45,5,3,22.499216517857143,-33.157366071428555,4.002790178571429,0.005332589285714284,0.001251220703125,45.00021337890625,0.00122851562497317,135.0001897583008,23400.600000000002,26472.26666666667,0.0,12191.866666666669,909.6,0.0,259.93333333333334,0.0,25.547863576693366,56.97361962639659,0.0,27.990792136780414,14.925146565444509,0.0,2.3390406390465137,0.0,
2023-07-21_10-33-46,2023-07-21_10-34-01,5,3,22.499216517857143,-31.321707589285722,4.002790178571429,0.005332589285714284,0.001251220703125,45.00021337890625,0.00122851562497317,135.0001897583008,23973.733333333334,27247.4,0.0,12419.066666666668,570.8666666666667,0.0,422.5333333333334,0.0,36.510029063563145,37.92117555608634,0.0,30.5516684396196,2.482382368254783,0.0,6.650480350237029,0.0,
2023-07-21_10-34-03,2023-07-21_10-34-18,5,3,22.499216517857143,-29.470982142857167,4.002790178571429,0.005332589285714284,0.001251220703125,45.00021337890625,0.00122851562497317,135.0001897583008,24990.533333333333,28239.8,0.0,12854.6,286.7333333333333,0.0,572.4666666666667,0.0,44.32488641334089,28.880712518141515,0.0,20.977342274198932,7.277362159464094,0.0,3.0048109572631923,0.0,
2023-07-21_10-34-19,2023-07-21_10-34-34,5,3,22.499216517857143,-27.627790178571445,4.002790178571429,0.005332589285714284,0.001251220703125,45.00021337890625,0.00122851562497317,135.0001897583008,25149.000000000004,28418.666666666668,0.0,12954.8,96.86666666666666,0.0,694.5333333333333,0.0,23.198419486393018,28.353914093903487,0.0,28.612856473193094,1.5369522511198004,0.0,2.4417662095749892,0.0,
2023-07-21_10-34-35,2023-07-21_10-34-51,5,3,22.499216517857143,-25.789620535714278,4.002790178571429,0.005332589285714284,0.001251220703125,45.00021337890625,0.00122851562497317,135.0001897583008,25226.133333333335,28409.666666666668,0.0,12935.533333333333,41.13333333333333,0.0,728.2,0.0,67.51021321910444,23.890258358679038,0.0,29.352380179846104,1.302134998974974,0.0,2.965730189271359,0.0,
2023-07-21_10-34-52,2023-07-21_10-35-07,5,3,22.499216517857143,-23.938895089285722,4.002790178571429,0.005332589285714284,0.001251220703125,45.00021337890625,0.00122851562497317,135.0001897583008,25458.733333333334,28591.26666666667,0.0,13026.399999999998,117.46666666666667,0.0,700.7333333333333,0.0,37.74702342937495,29.125094182012354,0.0,34.61075619579063,1.1907047399661161,0.0,6.543359653538513,0.0,
2023-07-21_10-35-08,2023-07-21_10-35-24,5,3,22.499216517857143,-22.108258928571445,4.002790178571429,0.005332589285714284,0.001251220703125,45.00021337890625,0.00122851562497317,135.0001897583008,25592.2,28599.26666666667,0.0,13099.666666666666,278.06666666666666,0.0,626.8666666666668,0.0,14.737178985288917,38.331797070665424,0.0,36.202363335991244,3.3289971796657087,0.0,5.584303398316074,0.0,
2023-07-21_10-35-25,2023-07-21_10-35-40,5,3,22.499216517857143,-20.257533482142833,4.002790178571429,0.005332589285714284,0.001251220703125,45.00021337890625,0.00122851562497317,135.0001897583008,25634.73333333333,28428.066666666662,0.0,13086.933333333332,502.8,0.0,517.8,0.0,62.554278652845035,47.94098223626396,0.0,16.108796768639653,5.800957775325651,0.0,6.273046397972128,0.0,
2023-07-21_10-35-41,2023-07-21_10-35-56,5,3,22.499216517857143,-18.426897321428555,4.002790178571429,0.005332589285714284,0.001251220703125,45.00021337890625,0.00122851562497317,135.0001897583008,26207.0,28922.0,0.0,13268.933333333334,727.8666666666667,0.0,438.66666666666663,0.0,23.19506652525695,39.81945364879952,0.0,24.17284978372803,6.225931434108657,0.0,5.696977756280563,0.0,
2023-07-21_10-35-58,2023-07-21_10-36-13,5,3,22.499216517857143,-16.576171875,4.002790178571429,0.005332589285714284,0.001251220703125,45.00021337890625,0.00122851562497317,135.0001897583008,26300.2,29069.066666666662,0.0,13366.6,961.1333333333334,0.0,322.26666666666665,0.0,56.021384805764185,47.896462407062124,0.0,49.36411202032865,10.91868938003905,0.0,2.8311756490114774,0.0,
2023-07-21_10-36-14,2023-07-21_10-36-29,5,3,22.499216517857143,-14.732979910714278,4.002790178571429,0.005332589285714284,0.001251220703125,45.00021337890625,0.00122851562497317,135.0001897583008,26280.533333333333,28995.466666666667,0.0,13355.733333333332,1166.8666666666666,0.0,235.6,0.0,55.16325266374754,38.19403676550148,0.0,22.837931410508947,9.453159377807095,0.0,2.163844315615663,0.0,
2023-07-21_10-36-30,2023-07-21_10-36-45,5,3,22.499216517857143,-12.884765625,4.002790178571429,0.005332589285714284,0.001251220703125,45.00021337890625,0.00122851562497317,135.0001897583008,26422.86666666667,28994.86666666667,0.0,13376.466666666665,1316.7333333333333,0.0,159.6,0.0,37.875175100438526,48.962979212189815,0.0,9.01763703958965,16.15184887937669,0.0,2.7656624683588733,0.0,
2023-07-21_10-36-45,2023-07-21_10-37-01,5,3,22.499216517857143,-11.049107142857167,4.002790178571429,0.005332589285714284,0.001251220703125,45.00021337890625,0.00122851562497317,135.0001897583008,26472.93333333333,29169.333333333332,0.0,13351.666666666666,1423.2666666666669,0.0,102.6,0.0,19.85598146655085,34.94805669370849,0.0,23.91582460770841,5.259277516921873,0.0,3.523571420527128,0.0,
2023-07-21_10-37-01,2023-07-21_10-37-17,5,3,22.499216517857143,-9.203404017857167,4.002790178571429,0.005332589285714284,0.001251220703125,45.00021337890625,0.00122851562497317,135.0001897583008,25935.666666666664,28657.93333333333,0.0,13158.93333333333,1479.8666666666668,0.0,62.266666666666666,0.0,47.12171002367724,74.61794541380598,0.0,14.9912567110893,5.308902376616526,0.0,2.080064101576359,0.0,
2023-07-21_10-37-18,2023-07-21_10-37-33,5,3,22.499216517857143,-7.362723214285722,4.002790178571429,0.005332589285714284,0.001251220703125,45.00021337890625,0.00122851562497317,135.0001897583008,25938.8,28511.26666666667,0.0,13193.466666666669,1491.6666666666665,0.0,47.266666666666666,0.0,23.072012867927015,53.425690865391935,0.0,23.693083847870376,10.00777475543665,0.0,0.9273618495495695,0.0,
2023-07-21_10-37-34,2023-07-21_10-37-49,5,3,22.499216517857143,-5.517020089285722,4.002790178571429,0.005332589285714284,0.001251220703125,45.00021337890625,0.00122851562497317,135.0001897583008,25874.333333333336,28436.0,0.0,13167.533333333335,1518.4666666666667,0.0,35.266666666666666,0.0,27.2119254902866,68.27517850580826,0.0,17.70831568626568,10.238597994300228,0.0,1.9275776393067943,0.0,
2023-07-21_10-37-50,2023-07-21_10-38-05,5,3,22.499216517857143,-3.69140625,4.002790178571429,0.005332589285714284,0.001251220703125,45.00021337890625,0.00122851562497317,135.0001897583008,26112.200000000004,28831.4,0.0,13292.533333333331,1537.4,0.0,29.0,0.0,17.416658692183393,41.1924210936377,0.0,13.368952423016898,5.3866089105814625,0.0,1.016530045465127,0.0,
2023-07-21_10-38-06,2023-07-21_10-38-21,5,3,22.499216517857143,-1.8356584821428328,4.002790178571429,0.005332589285714284,0.001251220703125,45.00021337890625,0.00122851562497317,135.0001897583008,25566.066666666666,28274.26666666667,0.0,13057.466666666667,1506.2666666666667,0.0,28.06666666666667,0.0,35.38964066879848,41.12385087891332,0.0,24.79193417222637,7.255189713424308,0.0,1.7587874611030556,0.0,
2023-07-21_10-38-22,2023-07-21_10-38-37,5,3,22.499216517857143,0.007533482142857143,4.002790178571429,0.005332589285714284,0.001251220703125,45.00021337890625,0.00122851562497317,135.0001897583008,25768.6,28600.13333333333,0.0,13111.266666666668,1519.3333333333333,0.0,28.866666666666664,0.0,29.215939333026682,20.629159513228476,0.0,25.655711947937615,7.752418977325705,0.0,2.037427571991484,0.0,
