start,stop,num_samp,samp_period,C_UV_HWP,C_QP,C_PCC,B_C_HWP,B_HWP,B_QWP,A_HWP,A_QWP,A,B,Ap,Bp,C4,C5,C6,C7,A_SEM,B_SEM,Ap_SEM,Bp_SEM,C4_SEM,C5_SEM,C6_SEM,C7_SEM,note
2023-07-21_10-27-27,2023-07-21_10-27-42,5,3,22.499216517857143,-35.00055803571428,4.002790178571429,0.005332589285714284,0.001251220703125,135.00189184570314,0.00122851562497317,45.00006387329101,22454.8,25511.133333333335,0.0,11657.866666666667,1204.6,0.0,108.93333333333335,0.0,52.999643604671846,27.466262132943566,0.0,29.53972842724802,10.938413453919564,0.0,2.085398975948941,0.0,
2023-07-21_10-27-43,2023-07-21_10-27-58,5,3,22.499216517857143,-33.15987723214283,4.002790178571429,0.005332589285714284,0.001251220703125,135.00189184570314,0.00122851562497317,45.00006387329101,23347.666666666668,26445.86666666667,0.0,12089.199999999999,919.8666666666666,0.0,248.0,0.0,41.437905352466814,54.81743437184112,0.0,34.42925112942961,6.11428200563603,0.0,6.723094525588642,0.0,
2023-07-21_10-27-59,2023-07-21_10-28-15,5,3,22.499216517857143,-31.316685267857167,4.002790178571429,0.005332589285714284,0.001251220703125,135.00189184570314,0.00122851562497317,45.00006387329101,24120.666666666664,27333.8,0.0,12477.266666666666,599.5333333333333,0.0,422.5333333333334,0.0,53.33281249745677,45.655546091234946,0.0,28.445933120766377,5.3816560854649715,0.0,3.159817153641084,0.0,
2023-07-21_10-28-16,2023-07-21_10-28-31,5,3,22.499216517857143,-29.465959821428555,4.002790178571429,0.005332589285714284,0.001251220703125,135.00189184570314,0.00122851562497317,45.00006387329101,24959.73333333333,28069.13333333333,0.0,12824.266666666666,285.93333333333334,0.0,590.8666666666666,0.0,29.126238647957646,57.93498271530064,0.0,15.456174602188627,4.073491540844702,0.0,4.780283580616428,0.0,
2023-07-21_10-28-32,2023-07-21_10-28-47,5,3,22.499216517857143,-27.630301339285722,4.002790178571429,0.005332589285714284,0.001251220703125,135.00189184570314,0.00122851562497317,45.00006387329101,26143.93333333333,29327.93333333333,0.0,13830.533333333331,94.26666666666667,0.0,709.8666666666666,0.0,292.33586848007576,411.90952890167506,0.0,328.82208292969335,4.01026460750687,0.0,3.649353062910968,0.0,
2023-07-21_10-28-48,2023-07-21_10-29-03,5,3,22.499216517857143,-25.784598214285722,4.002790178571429,0.005332589285714284,0.001251220703125,135.00189184570314,0.00122851562497317,45.00006387329101,26124.2,29202.466666666667,0.0,13725.333333333332,39.33333333333333,0.0,724.0666666666667,0.0,46.10056639806306,62.58341988453836,0.0,63.68873962919638,1.804315813696581,0.0,5.374218289409381,0.0,
2023-07-21_10-29-04,2023-07-21_10-29-20,5,3,22.499216517857143,-23.94140625,4.002790178571429,0.005332589285714284,0.001251220703125,135.00189184570314,0.00122851562497317,45.00006387329101,26383.86666666667,29435.4,0.0,13832.266666666666,116.33333333333334,0.0,712.5333333333334,0.0,66.62887262040884,94.22180686491261,0.0,46.17543839652335,3.2642848459586924,0.0,3.8276769862556574,0.0,
2023-07-21_10-29-21,2023-07-21_10-29-37,5,3,22.499216517857143,-22.100725446428555,4.002790178571429,0.005332589285714284,0.001251220703125,135.00189184570314,0.00122851562497317,45.00006387329101,25718.866666666665,28543.466666666667,0.0,13154.666666666668,282.6,0.0,644.5333333333334,0.0,53.91254234612023,36.41925620083736,0.0,22.059011763902628,2.9238483012784533,0.0,5.308902376616524,0.0,
2023-07-21_10-29-38,2023-07-21_10-29-53,5,3,22.499216517857143,-20.255022321428555,4.002790178571429,0.005332589285714284,0.001251220703125,135.00189184570314,0.00122851562497317,45.00006387329101,25892.266666666666,28530.06666666667,0.0,13128.2,491.8,0.0,545.4666666666667,0.0,19.86549213530312,17.20316508346314,0.0,19.79803581727806,3.7558842722675365,0.0,1.0572501018102505,0.0,
2023-07-21_10-29-54,2023-07-21_10-30-09,5,3,22.499216517857143,-18.419363839285722,4.002790178571429,0.005332589285714284,0.001251220703125,135.00189184570314,0.00122851562497317,45.00006387329101,26110.600000000002,28870.6,0.0,13325.333333333334,731.2666666666667,0.0,432.6666666666667,0.0,29.276725682129598,45.486188379917294,0.0,29.99999999999994,7.750555535644596,0.0,6.290204024248076,0.0,
2023-07-21_10-30-11,2023-07-21_10-30-26,5,3,22.499216517857143,-16.586216517857167,4.002790178571429,0.005332589285714284,0.001251220703125,135.00189184570314,0.00122851562497317,45.00006387329101,26300.066666666662,28923.86666666667,0.0,13268.8,972.4,0.0,321.6,0.0,36.800120772748826,57.13712550619912,0.0,22.453557006011902,4.661187259343546,0.0,8.523431755395759,0.0,
2023-07-21_10-30-27,2023-07-21_10-30-42,5,3,22.499216517857143,-14.743024553571445,4.002790178571429,0.005332589285714284,0.001251220703125,135.00189184570314,0.00122851562497317,45.00006387329101,26361.06666666667,29169.0,0.0,13341.2,1191.4666666666667,0.0,237.53333333333336,0.0,30.651880493336243,43.05797125839683,0.0,36.47595859680132,6.525675784502683,0.0,2.0965580258021825,0.0,
2023-07-21_10-30-43,2023-07-21_10-30-58,5,3,22.499216517857143,-12.899832589285722,4.002790178571429,0.005332589285714284,0.001251220703125,135.00189184570314,0.00122851562497317,45.00006387329101,25917.6,28738.333333333332,0.0,13087.333333333334,1307.6666666666665,0.0,156.53333333333336,0.0,33.34573102779112,36.945304918968226,0.0,16.097618871539034,7.884584115009915,0.0,4.507524573175149,0.0,
2023-07-21_10-30-59,2023-07-21_10-31-14,5,3,22.499216517857143,-11.056640625,4.002790178571429,0.005332589285714284,0.001251220703125,135.00189184570314,0.00122851562497317,45.00006387329101,26277.933333333338,29170.93333333333,0.0,13281.266666666666,1460.8,0.0,103.2,0.0,34.74021045161105,31.22595074613432,0.0,22.362021375537456,10.799485584456766,0.0,1.678623774935224,0.0,
2023-07-21_10-31-15,2023-07-21_10-31-30,5,3,22.499216517857143,-9.205915178571445,4.002790178571429,0.005332589285714284,0.001251220703125,135.00189184570314,0.00122851562497317,45.00006387329101,25762.0,28674.93333333333,0.0,13020.466666666667,1503.9333333333332,0.0,68.19999999999999,0.0,71.27333925731939,51.65219152067909,0.0,15.93898086802008,12.272100245860292,0.0,2.2963739532866434,0.0,
2023-07-21_10-31-31,2023-07-21_10-31-46,5,3,22.499216517857143,-7.367745535714278,4.002790178571429,0.005332589285714284,0.001251220703125,135.00189184570314,0.00122851562497317,45.00006387329101,25876.13333333333,28695.73333333333,0.0,13031.666666666668,1547.4,0.0,42.33333333333333,0.0,92.98091799455997,57.66651252387901,0.0,15.917844633548155,12.9354809213522,0.0,1.8135294011647254,0.0,
2023-07-21_10-31-47,2023-07-21_10-32-03,5,3,22.499216517857143,-5.51953125,4.002790178571429,0.005332589285714284,0.001251220703125,135.00189184570314,0.00122851562497317,45.00006387329101,25529.6,28441.13333333334,0.0,12899.2,1546.3333333333335,0.0,30.46666666666667,0.0,22.79775817438611,88.09846763707023,0.0,24.129419572150834,11.367106540853358,0.0,1.3316656236958786,0.0,
2023-07-21_10-32-04,2023-07-21_10-32-19,5,3,22.499216517857143,-3.681361607142833,4.002790178571429,0.005332589285714284,0.001251220703125,135.00189184570314,0.00122851562497317,45.00006387329101,26004.533333333333,28864.466666666667,0.0,13120.466666666669,1570.8666666666666,0.0,24.933333333333334,0.0,47.28384737119204,33.56761004963653,0.0,30.691222053074316,10.974009699689933,0.0,1.6069294390925268,0.0,
2023-07-21_10-32-20,2023-07-21_10-32-35,5,3,22.499216517857143,-1.8431919642857224,4.002790178571429,0.005332589285714284,0.001251220703125,135.00189184570314,0.00122851562497317,45.00006387329101,25422.199999999997,28391.2,0.0,12835.533333333331,1545.8666666666668,0.0,23.46666666666667,0.0,65.98868589892282,22.58283517285751,0.0,29.8571785524203,7.210023886537721,0.0,0.5333333333333331,0.0,
2023-07-21_10-32-36,2023-07-21_10-32-51,5,3,22.499216517857143,0.007533482142857143,4.002790178571429,0.005332589285714284,0.001251220703125,135.00189184570314,0.00122851562497317,45.00006387329101,25656.266666666663,28703.2,0.0,12957.266666666666,1564.9333333333332,0.0,22.733333333333334,0.0,27.395336180533413,26.792121561716147,0.0,17.082934954704765,6.889121859859939,0.0,1.4429907214608906,0.0,
