start,stop,num_samp,samp_period,C_UV_HWP,C_QP,C_PCC,B_C_HWP,B_C_QWP,B_HWP,B_QWP,A_HWP,A_QWP,A,B,Ap,Bp,C4,C5,C6,C7,A_SEM,B_SEM,Ap_SEM,Bp_SEM,C4_SEM,C5_SEM,C6_SEM,C7_SEM,note
2024-07-01_11-50-33,2024-07-01_11-50-48,5,3,-65.89119017857143,-16.204520089285722,-4.9921875,0.004534517857141651,8.161098839285714,67.50198751831054,-0.0005253906250004547,22.499841537475586,-0.0019624953270067635,25611.2,26518.0,0.0,12787.533333333335,1483.6666666666665,0.0,55.26666666666667,0.0,44.539445688313215,26.194783195641776,0.0,32.407577988969145,7.98401180137184,0.0,2.418447619628941,0.0,
2024-07-01_11-50-49,2024-07-01_11-51-04,5,3,-65.89119017857143,-16.204520089285722,-4.467354910714278,0.004534517857141651,8.161098839285714,67.50198751831054,-0.0005253906250004547,22.499841537475586,-0.0019624953270067635,25616.26666666667,26616.13333333334,0.0,12732.466666666665,1491.5333333333333,0.0,55.133333333333326,0.0,50.777007044965444,61.41223186159451,0.0,30.97070300210263,9.342019767337966,0.0,1.8214768123085667,0.0,
2024-07-01_11-51-04,2024-07-01_11-51-20,5,3,-65.89119017857143,-16.204520089285722,-3.9375,0.004534517857141651,8.161098839285714,67.50198751831054,-0.0005253906250004547,22.499841537475586,-0.0019624953270067635,25597.533333333333,26767.2,0.0,12684.066666666668,1515.7333333333333,0.0,46.93333333333333,0.0,26.22352633291929,80.75178704592933,0.0,34.90326313939399,10.21349869317832,0.0,2.0720360357226744,0.0,
2024-07-01_11-51-21,2024-07-01_11-51-36,5,3,-65.89119017857143,-16.204520089285722,-3.422712053571445,0.004534517857141651,8.161098839285714,67.50198751831054,-0.0005253906250004547,22.499841537475586,-0.0019624953270067635,25641.866666666665,26888.4,0.0,12660.066666666668,1504.4666666666667,0.0,50.53333333333334,0.0,63.63451194997181,36.32070116797475,0.0,26.740398069005806,4.686386904879085,0.0,1.1766241729815194,0.0,
2024-07-01_11-51-37,2024-07-01_11-51-52,5,3,-65.89119017857143,-16.204520089285722,-2.900390625,0.004534517857141651,8.161098839285714,67.50198751831054,-0.0005253906250004547,22.499841537475586,-0.0019624953270067635,25710.4,26922.533333333333,0.0,12668.2,1490.4666666666667,0.0,46.86666666666666,0.0,29.162837843926248,55.42939452833427,0.0,45.464833785147654,10.156880535982594,0.0,0.8981462390204983,0.0,
2024-07-01_11-51-53,2024-07-01_11-52-08,5,3,-65.89119017857143,-16.204520089285722,-2.3755580357142776,0.004534517857141651,8.161098839285714,67.50198751831054,-0.0005253906250004547,22.499841537475586,-0.0019624953270067635,25606.266666666666,27078.666666666668,0.0,12608.199999999999,1502.7333333333333,0.0,44.46666666666667,0.0,26.364833480309567,30.900737136119616,0.0,29.618800335822662,5.928649836926511,0.0,1.0624918300339476,0.0,
2024-07-01_11-52-08,2024-07-01_11-52-24,5,3,-65.89119017857143,-16.204520089285722,-1.845703125,0.004534517857141651,8.161098839285714,67.50198751831054,-0.0005253906250004547,22.499841537475586,-0.0019624953270067635,25681.666666666664,27197.13333333333,0.0,12583.4,1513.6000000000001,0.0,41.66666666666667,0.0,17.388374149285795,25.626938951033395,0.0,25.48668497688757,7.134735064769009,0.0,2.076321533652992,0.0,
2024-07-01_11-52-25,2024-07-01_11-52-40,5,3,-65.89119017857143,-16.204520089285722,-1.3083147321428328,0.004534517857141651,8.161098839285714,67.50198751831054,-0.0005253906250004547,22.499841537475586,-0.0019624953270067635,25587.266666666666,27334.93333333333,0.0,12457.2,1502.1333333333334,0.0,36.06666666666667,0.0,18.77539761378077,46.337098168386454,0.0,38.132896267891574,12.28531191662993,0.0,0.8259674462242578,0.0,
2024-07-01_11-52-41,2024-07-01_11-52-56,5,3,-65.89119017857143,-16.204520089285722,-0.7935267857142776,0.004534517857141651,8.161098839285714,67.50198751831054,-0.0005253906250004547,22.499841537475586,-0.0019624953270067635,25648.8,27428.333333333332,0.0,12518.6,1524.9333333333334,0.0,38.2,0.0,59.364654654281985,49.774714687501984,0.0,18.64683470309239,13.808773378624984,0.0,1.258747172566614,0.0,
2024-07-01_11-52-57,2024-07-01_11-53-12,5,3,-65.89119017857143,-16.204520089285722,-0.2686941964285552,0.004534517857141651,8.161098839285714,67.50198751831054,-0.0005253906250004547,22.499841537475586,-0.0019624953270067635,25670.06666666667,27528.666666666664,0.0,12427.866666666665,1524.5333333333333,0.0,34.6,0.0,16.39085110663886,48.131186471051095,0.0,16.8148743676544,9.282360810818668,0.0,1.8956089610817244,0.0,
2024-07-01_11-53-13,2024-07-01_11-53-28,5,3,-65.89119017857143,-16.204520089285722,0.2686941964285714,0.004534517857141651,8.161098839285714,67.50198751831054,-0.0005253906250004547,22.499841537475586,-0.0019624953270067635,25602.666666666664,27625.2,0.0,12362.933333333334,1530.5333333333333,0.0,34.733333333333334,0.0,46.433823878719856,41.324273200572314,0.0,28.915278544972214,8.907300376657354,0.0,2.510865278035531,0.0,
2024-07-01_11-53-29,2024-07-01_11-53-44,5,3,-65.89119017857143,-16.204520089285722,0.7859933035714286,0.004534517857141651,8.161098839285714,67.50198751831054,-0.0005253906250004547,22.499841537475586,-0.0019624953270067635,25539.533333333333,27823.933333333338,0.0,12371.800000000001,1531.5333333333333,0.0,32.53333333333333,0.0,53.548067710754474,13.135786572904319,0.0,30.847582293160983,8.484364704822895,0.0,1.4243907079480997,0.0,
2024-07-01_11-53-45,2024-07-01_11-54-00,5,3,-65.89119017857143,-16.204520089285722,1.3083147321428572,0.004534517857141651,8.161098839285714,67.50198751831054,-0.0005253906250004547,22.499841537475586,-0.0019624953270067635,25580.600000000002,27912.333333333336,0.0,12337.066666666666,1529.6,0.0,33.2,0.0,25.3678273935053,22.47541867117167,0.0,36.10623214903498,10.040141654600534,0.0,1.1953614051360737,0.0,
2024-07-01_11-54-01,2024-07-01_11-54-16,5,3,-65.89119017857143,-16.204520089285722,1.8331473214285714,0.004534517857141651,8.161098839285714,67.50198751831054,-0.0005253906250004547,22.499841537475586,-0.0019624953270067635,25540.26666666667,27919.13333333333,0.0,12274.600000000002,1513.6,0.0,31.799999999999994,0.0,49.51199630168166,45.94980352998766,0.0,29.326400695922185,9.066053900861899,0.0,1.1382247385975914,0.0,
2024-07-01_11-54-17,2024-07-01_11-54-32,5,3,-65.89119017857143,-16.204520089285722,2.3755580357142856,0.004534517857141651,8.161098839285714,67.50198751831054,-0.0005253906250004547,22.499841537475586,-0.0019624953270067635,25595.2,28096.2,0.0,12179.800000000001,1537.2666666666667,0.0,28.333333333333336,0.0,47.96440810063682,26.298838166141042,0.0,18.119541323603475,9.739039423315285,0.0,1.9177533151523367,0.0,
2024-07-01_11-54-33,2024-07-01_11-54-48,5,3,-65.89119017857143,-16.204520089285722,2.887834821428571,0.004534517857141651,8.161098839285714,67.50198751831054,-0.0005253906250004547,22.499841537475586,-0.0019624953270067635,25639.866666666665,28184.666666666668,0.0,12221.733333333334,1542.1333333333334,0.0,27.733333333333338,0.0,43.10421479778211,24.06565094809536,0.0,57.63210910594883,11.11435508200491,0.0,0.6944222218666554,0.0,
2024-07-01_11-54-49,2024-07-01_11-55-04,5,3,-65.89119017857143,-16.204520089285722,3.4227120535714284,0.004534517857141651,8.161098839285714,67.50198751831054,-0.0005253906250004547,22.499841537475586,-0.0019624953270067635,25593.466666666667,28196.333333333332,0.0,12189.8,1529.4,0.0,26.93333333333333,0.0,22.238754961153703,58.06634136916179,0.0,21.353271932474783,6.872974449085191,0.0,0.7102425250887501,0.0,
2024-07-01_11-55-05,2024-07-01_11-55-20,5,3,-65.89119017857143,-16.204520089285722,3.947544642857143,0.004534517857141651,8.161098839285714,67.50198751831054,-0.0005253906250004547,22.499841537475586,-0.0019624953270067635,25550.333333333332,28453.2,0.0,12128.666666666668,1534.9333333333332,0.0,28.066666666666663,0.0,33.70657700410014,38.71585951232128,0.0,34.82799002079923,7.028039081659519,0.0,1.768238294649979,0.0,
2024-07-01_11-55-21,2024-07-01_11-55-36,5,3,-65.89119017857143,-16.204520089285722,4.472377232142857,0.004534517857141651,8.161098839285714,67.50198751831054,-0.0005253906250004547,22.499841537475586,-0.0019624953270067635,25590.2,28540.066666666662,0.0,12089.4,1553.1333333333332,0.0,26.133333333333333,0.0,43.67895501395482,15.715314540635609,0.0,23.262607095699387,10.093782464688093,0.0,1.0677078252031311,0.0,
2024-07-01_11-55-37,2024-07-01_11-55-52,5,3,-65.89119017857143,-16.204520089285722,4.994698660714286,0.004534517857141651,8.161098839285714,67.50198751831054,-0.0005253906250004547,22.499841537475586,-0.0019624953270067635,25547.199999999997,28614.86666666667,0.0,12035.466666666665,1538.3333333333333,0.0,27.4,0.0,32.086445736478844,33.541615941991125,0.0,36.846619021741056,7.970779970199486,0.0,0.7557189365836422,0.0,
