start,stop,num_samp,samp_period,C_UV_HWP,C_QP,C_PCC,B_C_HWP,B_HWP,B_QWP,A_HWP,A_QWP,A,B,Ap,Bp,C4,C5,C6,C7,A_SEM,B_SEM,Ap_SEM,Bp_SEM,C4_SEM,C5_SEM,C6_SEM,C7_SEM,note
2024-05-24_14-57-41,2024-05-24_14-57-57,5,3,-112.75196026785716,-22.723493303571445,-8.000558035714278,0.007045678571429903,22.499321044921874,-0.00022021484375045475,22.499841537475586,-0.0024834399223436776,26145.999999999996,29700.2,0.0,13016.6,1492.0666666666666,0.0,30.26666666666667,0.0,42.66692708253871,24.65643932119968,0.0,21.244188747880067,8.33893145299671,0.0,1.1614167593456237,0.0,
2024-05-24_14-57-57,2024-05-24_14-58-13,5,3,-112.75196026785716,-22.723493303571445,-7.151785714285722,0.007045678571429903,22.499321044921874,-0.00022021484375045475,22.499841537475586,-0.0024834399223436776,26226.2,29504.933333333338,0.0,13041.533333333333,1489.8666666666668,0.0,27.4,0.0,62.00982001084837,40.85059499090674,0.0,48.087720770367895,10.674268124794303,0.0,1.0187137859957414,0.0,
2024-05-24_14-58-13,2024-05-24_14-58-28,5,3,-112.75196026785716,-22.723493303571445,-6.310546875,0.007045678571429903,22.499321044921874,-0.00022021484375045475,22.499841537475586,-0.0024834399223436776,26209.2,29461.466666666667,0.0,13034.4,1513.3333333333335,0.0,28.46666666666667,0.0,48.95458212579385,42.00007936500398,0.0,27.16337403359315,7.247221689876917,0.0,1.8030837781731361,0.0,
2024-05-24_14-58-29,2024-05-24_14-58-44,5,3,-112.75196026785716,-22.723493303571445,-5.479352678571445,0.007045678571429903,22.499321044921874,-0.00022021484375045475,22.499841537475586,-0.0024834399223436776,26165.73333333333,29376.8,0.0,12982.133333333333,1485.6000000000001,0.0,26.866666666666667,0.0,43.94660902099753,35.903667407847806,0.0,38.858232361009726,11.635864099126183,0.0,0.8981462390204988,0.0,
2024-05-24_14-58-45,2024-05-24_14-59-00,5,3,-112.75196026785716,-22.723493303571445,-4.635602678571445,0.007045678571429903,22.499321044921874,-0.00022021484375045475,22.499841537475586,-0.0024834399223436776,26139.4,29316.533333333333,0.0,13084.533333333333,1471.3333333333333,0.0,26.333333333333336,0.0,38.931050161364126,38.08537193668437,0.0,22.805603599895388,11.617515511789367,0.0,1.4452988925785863,0.0,
2024-05-24_14-59-01,2024-05-24_14-59-17,5,3,-112.75196026785716,-22.723493303571445,-3.791852678571445,0.007045678571429903,22.499321044921874,-0.00022021484375045475,22.499841537475586,-0.0024834399223436776,26220.6,29260.06666666667,0.0,13020.4,1495.3333333333335,0.0,27.2,0.0,42.234714526217495,50.872105432261364,0.0,6.185466837676846,11.207636285636294,0.0,1.447603383373898,0.0,
2024-05-24_14-59-17,2024-05-24_14-59-33,5,3,-112.75196026785716,-22.723493303571445,-2.945591517857167,0.007045678571429903,22.499321044921874,-0.00022021484375045475,22.499841537475586,-0.0024834399223436776,26211.266666666666,29173.0,0.0,13050.866666666667,1481.9333333333332,0.0,24.4,0.0,19.972870488629518,54.58703549785857,0.0,37.252531606739346,6.799836599343973,0.0,0.3711842908553348,0.0,
2024-05-24_14-59-33,2024-05-24_14-59-48,5,3,-112.75196026785716,-22.723493303571445,-2.1118861607142776,0.007045678571429903,22.499321044921874,-0.00022021484375045475,22.499841537475586,-0.0024834399223436776,26216.06666666667,28989.86666666666,0.0,13036.266666666666,1491.8666666666666,0.0,26.8,0.0,26.757013618447555,14.456678579658341,0.0,32.3648300199804,4.28900402839114,0.0,0.5228129047119373,0.0,
2024-05-24_14-59-49,2024-05-24_15-00-04,5,3,-112.75196026785716,-22.723493303571445,-1.2606026785714448,0.007045678571429903,22.499321044921874,-0.00022021484375045475,22.499841537475586,-0.0024834399223436776,26228.4,29074.6,0.0,13020.933333333334,1495.3999999999999,0.0,24.73333333333333,0.0,9.212551824066304,40.22111109576369,0.0,15.872547929610246,9.152048950918028,0.0,0.5517648452415613,0.0,
2024-05-24_15-00-05,2024-05-24_15-00-21,5,3,-112.75196026785716,-22.723493303571445,-0.4118303571428328,0.007045678571429903,22.499321044921874,-0.00022021484375045475,22.499841537475586,-0.0024834399223436776,26221.666666666664,28979.4,0.0,13018.866666666667,1496.6666666666665,0.0,27.53333333333333,0.0,48.569309010709446,25.61670461936067,0.0,38.12517395224444,11.980076052438985,0.0,1.2806248474865698,0.0,
2024-05-24_15-00-22,2024-05-24_15-00-37,5,3,-112.75196026785716,-22.723493303571445,0.4193638392857143,0.007045678571429903,22.499321044921874,-0.00022021484375045475,22.499841537475586,-0.0024834399223436776,26278.533333333333,28975.533333333333,0.0,13031.6,1494.1999999999998,0.0,26.4,0.0,48.39083935347006,50.51321059331351,0.0,18.860128431281783,12.191800523302538,0.0,1.0295630140987,0.0,
2024-05-24_15-00-38,2024-05-24_15-00-53,5,3,-112.75196026785716,-22.723493303571445,1.2606026785714286,0.007045678571429903,22.499321044921874,-0.00022021484375045475,22.499841537475586,-0.0024834399223436776,26241.466666666667,28828.0,0.0,13086.533333333335,1482.1333333333334,0.0,29.0,0.0,52.578576118669154,20.71419266536292,0.0,33.276217733790915,4.596617113583495,0.0,0.9006170724070867,0.0,
2024-05-24_15-00-54,2024-05-24_15-01-09,5,3,-112.75196026785716,-22.723493303571445,2.101841517857143,0.007045678571429903,22.499321044921874,-0.00022021484375045475,22.499841537475586,-0.0024834399223436776,26204.333333333332,28753.8,0.0,13051.133333333333,1470.9333333333334,0.0,27.666666666666668,0.0,49.63365793491348,20.742227459942512,0.0,18.050730979350785,8.215432632146232,0.0,1.6996731711975952,0.0,
2024-05-24_15-01-10,2024-05-24_15-01-26,5,3,-112.75196026785716,-22.723493303571445,2.940569196428571,0.007045678571429903,22.499321044921874,-0.00022021484375045475,22.499841537475586,-0.0024834399223436776,26269.8,28667.666666666664,0.0,13063.533333333333,1497.0666666666668,0.0,28.06666666666667,0.0,33.11538749416745,48.14895868263614,0.0,21.505709836123902,10.282347332524141,0.0,1.8178130939247978,0.0,
2024-05-24_15-01-26,2024-05-24_15-01-42,5,3,-112.75196026785716,-22.723493303571445,3.789341517857143,0.007045678571429903,22.499321044921874,-0.00022021484375045475,22.499841537475586,-0.0024834399223436776,26231.26666666667,28740.2,0.0,13049.333333333332,1503.9333333333334,0.0,30.266666666666662,0.0,38.77877426290511,43.23869152095645,0.0,27.812267477180352,16.75456819961518,0.0,1.5684387141358112,0.0,
2024-05-24_15-01-42,2024-05-24_15-01-58,5,3,-112.75196026785716,-22.723493303571445,4.628069196428571,0.007045678571429903,22.499321044921874,-0.00022021484375045475,22.499841537475586,-0.0024834399223436776,26282.4,28513.86666666667,0.0,13030.133333333333,1497.0,0.0,33.33333333333333,0.0,68.27415323532028,28.122865351090162,0.0,37.331785682206686,12.459712855617688,0.0,1.763834207376394,0.0,
2024-05-24_15-01-59,2024-05-24_15-02-14,5,3,-112.75196026785716,-22.723493303571445,5.466796875,0.007045678571429903,22.499321044921874,-0.00022021484375045475,22.499841537475586,-0.0024834399223436776,26243.06666666667,28564.8,0.0,13050.2,1483.6666666666665,0.0,34.33333333333333,0.0,34.71685469624286,43.84373767521799,0.0,37.87370826546804,6.603029607687639,0.0,0.9249624617007736,0.0,
2024-05-24_15-02-15,2024-05-24_15-02-30,5,3,-112.75196026785716,-22.723493303571445,6.320591517857142,0.007045678571429903,22.499321044921874,-0.00022021484375045475,22.499841537475586,-0.0024834399223436776,26273.73333333333,28450.266666666663,0.0,13070.533333333335,1484.0,0.0,33.86666666666667,0.0,61.20951269569492,35.51641248149324,0.0,31.763990793209615,9.933668898135153,0.0,0.7717224601860149,0.0,
2024-05-24_15-02-31,2024-05-24_15-02-46,5,3,-112.75196026785716,-22.723493303571445,7.156808035714286,0.007045678571429903,22.499321044921874,-0.00022021484375045475,22.499841537475586,-0.0024834399223436776,26341.73333333333,28353.266666666663,0.0,13042.466666666667,1473.9333333333334,0.0,36.53333333333333,0.0,31.08793978378089,26.57283491755343,0.0,23.50522400564501,9.486481609813659,0.0,1.2364824660660947,0.0,
2024-05-24_15-02-47,2024-05-24_15-03-02,5,3,-112.75196026785716,-22.723493303571445,7.998046875,0.007045678571429903,22.499321044921874,-0.00022021484375045475,22.499841537475586,-0.0024834399223436776,26351.6,28366.26666666667,0.0,13062.466666666667,1495.4,0.0,36.0,0.0,29.606755985754276,30.155780724615536,0.0,25.76552390738862,10.791148636215203,0.0,2.019350830781461,0.0,
