start,stop,num_samp,samp_period,C_UV_HWP,C_QP,C_PCC,B_C_HWP,B_C_QWP,B_HWP,B_QWP,A_HWP,A_QWP,A,B,Ap,Bp,C4,C5,C6,C7,A_SEM,B_SEM,Ap_SEM,Bp_SEM,C4_SEM,C5_SEM,C6_SEM,C7_SEM,note
2024-06-26_13-49-00,2024-06-26_13-49-15,5,3,-112.41797589285716,-14.157924107142833,-1.5041852678571672,0.002023357142856952,8.16361,67.50198751831054,-0.00028125000000045475,67.50250610351563,-0.0019624953270067635,26170.0,28455.266666666663,0.0,12872.266666666666,1547.6666666666665,0.0,25.866666666666667,0.0,99.33657712824359,91.43634093971845,0.0,80.92585083478176,11.236844159579102,0.0,0.42946995755750456,0.0,
2024-06-26_13-49-16,2024-06-26_13-49-31,5,3,-112.41797589285716,-14.157924107142833,-1.3736049107142776,0.002023357142856952,8.16361,67.50198751831054,-0.00028125000000045475,67.50250610351563,-0.0019624953270067635,26047.4,28317.0,0.0,12744.6,1576.0,0.0,25.6,0.0,54.84547991098896,75.20985455525249,0.0,17.422335600538293,10.428593172406094,0.0,1.0509255180289632,0.0,
2024-06-26_13-49-32,2024-06-26_13-49-47,5,3,-112.41797589285716,-14.157924107142833,-1.2329799107142776,0.002023357142856952,8.16361,67.50198751831054,-0.00028125000000045475,67.50250610351563,-0.0019624953270067635,25970.666666666664,28291.86666666667,0.0,12737.733333333334,1565.9333333333332,0.0,25.933333333333337,0.0,34.80565088219659,44.975375978911224,0.0,31.832094216721174,7.1828499450659145,0.0,1.2534397117975447,0.0,
2024-06-26_13-49-48,2024-06-26_13-50-03,5,3,-112.41797589285716,-14.157924107142833,-1.1124441964285552,0.002023357142856952,8.16361,67.50198751831054,-0.00028125000000045475,67.50250610351563,-0.0019624953270067635,26027.4,28269.8,0.0,12733.8,1551.9333333333334,0.0,29.4,0.0,54.80099350275395,51.26419586590394,0.0,42.22763707968212,10.700674952751553,0.0,1.0241527663824814,0.0,
2024-06-26_13-50-03,2024-06-26_13-50-19,5,3,-112.41797589285716,-14.157924107142833,-0.9743303571428328,0.002023357142856952,8.16361,67.50198751831054,-0.00028125000000045475,67.50250610351563,-0.0019624953270067635,25922.666666666668,28170.2,0.0,12785.6,1549.6,0.0,24.933333333333334,0.0,55.09910263435457,69.71287144024726,0.0,33.675147446678935,10.16387939934571,0.0,1.9955506062794355,0.0,
2024-06-26_13-50-20,2024-06-26_13-50-35,5,3,-112.41797589285716,-14.157924107142833,-0.84375,0.002023357142856952,8.16361,67.50198751831054,-0.00028125000000045475,67.50250610351563,-0.0019624953270067635,26019.999999999996,28186.73333333333,0.0,12750.333333333332,1563.3333333333335,0.0,26.933333333333337,0.0,50.85873682181986,36.50652909640539,0.0,30.815400190308758,11.10505390451673,0.0,1.1469767022723503,0.0,
2024-06-26_13-50-35,2024-06-26_13-50-50,5,3,-112.41797589285716,-14.157924107142833,-0.7106584821428328,0.002023357142856952,8.16361,67.50198751831054,-0.00028125000000045475,67.50250610351563,-0.0019624953270067635,26011.333333333332,28156.13333333333,0.0,12802.666666666666,1550.1999999999998,0.0,28.666666666666668,0.0,26.628514374214994,29.662097026339858,0.0,38.70414850001355,11.284502647436453,0.0,0.9368979548370133,0.0,
2024-06-26_13-50-51,2024-06-26_13-51-06,5,3,-112.41797589285716,-14.157924107142833,-0.5825892857142776,0.002023357142856952,8.16361,67.50198751831054,-0.00028125000000045475,67.50250610351563,-0.0019624953270067635,25970.86666666667,28189.666666666664,0.0,12748.066666666666,1565.8666666666668,0.0,27.933333333333337,0.0,77.76335898094928,22.156764705665655,0.0,48.626855862898466,11.186599125739674,0.0,1.6103829772241554,0.0,
2024-06-26_13-51-07,2024-06-26_13-51-22,5,3,-112.41797589285716,-14.157924107142833,-0.439453125,0.002023357142856952,8.16361,67.50198751831054,-0.00028125000000045475,67.50250610351563,-0.0019624953270067635,25994.533333333333,28067.06666666667,0.0,12807.333333333334,1572.1333333333334,0.0,28.333333333333332,0.0,45.218432819666475,43.16897033750064,0.0,22.372105647683483,9.603587292719801,0.0,1.6666666666666663,0.0,
2024-06-26_13-51-23,2024-06-26_13-51-38,5,3,-112.41797589285716,-14.157924107142833,-0.3113839285714448,0.002023357142856952,8.16361,67.50198751831054,-0.00028125000000045475,67.50250610351563,-0.0019624953270067635,26055.333333333332,28064.333333333336,0.0,12817.466666666665,1556.6,0.0,27.666666666666664,0.0,26.619750395356817,47.748531100152675,0.0,38.35515321019822,6.771180760317142,0.0,1.5238839267549946,0.0,
2024-06-26_13-51-39,2024-06-26_13-51-54,5,3,-112.41797589285716,-14.157924107142833,-0.18582589285716722,0.002023357142856952,8.16361,67.50198751831054,-0.00028125000000045475,67.50250610351563,-0.0019624953270067635,25963.93333333333,27934.2,0.0,12822.066666666666,1563.3333333333335,0.0,27.666666666666668,0.0,37.326100489841664,36.158847080932176,0.0,24.679366100269014,5.660781257427679,0.0,0.8881941729649486,0.0,
2024-06-26_13-51-54,2024-06-26_13-52-09,5,3,-112.41797589285716,-14.157924107142833,-0.052734375,0.002023357142856952,8.16361,67.50198751831054,-0.00028125000000045475,67.50250610351563,-0.0019624953270067635,25981.8,28075.333333333332,0.0,12761.0,1553.9333333333334,0.0,27.53333333333333,0.0,35.45162588341704,19.057515286335203,0.0,25.276691063331697,8.169999320005392,0.0,1.5297058540778354,0.0,
2024-06-26_13-52-10,2024-06-26_13-52-25,5,3,-112.41797589285716,-14.157924107142833,0.08537946428571429,0.002023357142856952,8.16361,67.50198751831054,-0.00028125000000045475,67.50250610351563,-0.0019624953270067635,25869.2,27965.0,0.0,12848.8,1542.7333333333333,0.0,27.73333333333333,0.0,36.64311364742042,58.568383583257045,0.0,31.70849868550856,11.098748678216943,0.0,2.995181315231368,0.0,
2024-06-26_13-52-26,2024-06-26_13-52-41,5,3,-112.41797589285716,-14.157924107142833,0.20089285714285715,0.002023357142856952,8.16361,67.50198751831054,-0.00028125000000045475,67.50250610351563,-0.0019624953270067635,25959.26666666667,27937.73333333333,0.0,12872.733333333334,1541.8,0.0,28.666666666666668,0.0,29.428331020746896,34.073026151357865,0.0,18.257844584969135,7.383615494984673,0.0,1.1925695879998883,0.0,
2024-06-26_13-52-42,2024-06-26_13-52-57,5,3,-112.41797589285716,-14.157924107142833,0.3390066964285714,0.002023357142856952,8.16361,67.50198751831054,-0.00028125000000045475,67.50250610351563,-0.0019624953270067635,25950.06666666667,27924.466666666667,0.0,12879.933333333334,1541.6666666666665,0.0,28.53333333333333,0.0,29.043721830677438,24.606593515650367,0.0,24.778216239269604,9.797391943210632,0.0,1.348249894410446,0.0,
2024-06-26_13-52-58,2024-06-26_13-53-13,5,3,-112.41797589285716,-14.157924107142833,0.46456473214285715,0.002023357142856952,8.16361,67.50198751831054,-0.00028125000000045475,67.50250610351563,-0.0019624953270067635,25894.4,28028.333333333332,0.0,12875.333333333334,1558.7333333333333,0.0,30.4,0.0,23.599764593929283,45.23948619415468,0.0,24.47720027563071,9.023056885310828,0.0,2.063976744055029,0.0,
2024-06-26_13-53-13,2024-06-26_13-53-28,5,3,-112.41797589285716,-14.157924107142833,0.59765625,0.002023357142856952,8.16361,67.50198751831054,-0.00028125000000045475,67.50250610351563,-0.0019624953270067635,25913.6,27803.86666666666,0.0,12922.133333333333,1535.8666666666666,0.0,26.866666666666667,0.0,33.558473015188106,45.131979300220635,0.0,21.761995415045163,6.1342390635586685,0.0,0.7272474743090475,0.0,
2024-06-26_13-53-29,2024-06-26_13-53-44,5,3,-112.41797589285716,-14.157924107142833,0.7357700892857143,0.002023357142856952,8.16361,67.50198751831054,-0.00028125000000045475,67.50250610351563,-0.0019624953270067635,25873.8,27893.666666666668,0.0,12926.333333333332,1528.0666666666666,0.0,31.73333333333333,0.0,27.896156644877507,30.744285828607516,0.0,34.216143038695165,10.007996802557454,0.0,3.0118285328204046,0.0,
2024-06-26_13-53-45,2024-06-26_13-54-00,5,3,-112.41797589285716,-14.157924107142833,0.8688616071428571,0.002023357142856952,8.16361,67.50198751831054,-0.00028125000000045475,67.50250610351563,-0.0019624953270067635,25820.533333333333,27827.73333333333,0.0,12944.266666666666,1547.4666666666667,0.0,35.13333333333333,0.0,43.1156841789881,22.12474733063485,0.0,41.62590005700255,7.31330598597136,0.0,1.0143416036468618,0.0,
2024-06-26_13-54-01,2024-06-26_13-54-16,5,3,-112.41797589285716,-14.157924107142833,1.0044642857142856,0.002023357142856952,8.16361,67.50198751831054,-0.00028125000000045475,67.50250610351563,-0.0019624953270067635,25917.933333333334,27779.4,0.0,12893.066666666666,1544.3333333333333,0.0,30.733333333333338,0.0,58.16111721378458,27.75115613207237,0.0,17.616091129040615,6.7379522111692065,0.0,1.5033296378372907,0.0,
