start,stop,num_samp,samp_period,C_UV_HWP,C_QP,C_PCC,B_C_HWP,B_C_QWP,B_HWP,B_QWP,A_HWP,A_QWP,A,B,Ap,Bp,C4,C5,C6,C7,A_SEM,B_SEM,Ap_SEM,Bp_SEM,C4_SEM,C5_SEM,C6_SEM,C7_SEM,note
2024-06-18_17-35-44,2024-06-18_17-36-00,5,3,-112.00614553571427,-14.677734375,-3.995256696428555,0.009556839285714602,8.161098839285714,22.499841751098632,-0.00022021484375045475,67.5019873046875,-0.0024834399223436776,25959.866666666665,27119.86666666666,0.0,13099.2,43.333333333333336,0.0,784.1333333333333,0.0,46.49093101527036,74.04387588150394,0.0,23.861312248537992,1.1005049346146114,0.0,13.661218426219845,0.0,
2024-06-18_17-36-01,2024-06-18_17-36-16,5,3,-112.00614553571427,-14.677734375,-3.575892857142833,0.009556839285714602,8.161098839285714,22.499841751098632,-0.00022021484375045475,67.5019873046875,-0.0024834399223436776,25786.200000000004,26961.06666666667,0.0,13054.599999999999,45.733333333333334,0.0,770.7333333333333,0.0,32.444927698075446,40.81576492810923,0.0,22.970851094376066,0.903081145609604,0.0,4.861869782067166,0.0,
2024-06-18_17-36-17,2024-06-18_17-36-33,5,3,-112.00614553571427,-14.677734375,-3.1640625,0.009556839285714602,8.161098839285714,22.499841751098632,-0.00022021484375045475,67.5019873046875,-0.0024834399223436776,25839.4,27063.666666666668,0.0,13065.866666666667,46.06666666666666,0.0,772.5333333333332,0.0,27.615293669349914,52.13156433486365,0.0,11.559796230422481,1.0666666666666675,0.0,4.811560153537633,0.0,
2024-06-18_17-36-34,2024-06-18_17-36-49,5,3,-112.00614553571427,-14.677734375,-2.729631696428555,0.009556839285714602,8.161098839285714,22.499841751098632,-0.00022021484375045475,67.5019873046875,-0.0024834399223436776,25881.466666666667,27122.466666666664,0.0,13057.866666666667,46.33333333333333,0.0,774.8666666666667,0.0,28.5660248858281,27.382800765768636,0.0,41.13995084532234,1.0697871023920809,0.0,8.727097010015552,0.0,
2024-06-18_17-36-49,2024-06-18_17-37-04,5,3,-112.00614553571427,-14.677734375,-2.312779017857167,0.009556839285714602,8.161098839285714,22.499841751098632,-0.00022021484375045475,67.5019873046875,-0.0024834399223436776,25808.866666666665,27200.06666666667,0.0,12957.599999999999,47.6,0.0,761.8,0.0,30.464843125587453,28.440464131233824,0.0,33.810156265043524,1.4544949486180954,0.0,5.14522432293611,0.0,
2024-06-18_17-37-05,2024-06-18_17-37-20,5,3,-112.00614553571427,-14.677734375,-1.8883928571428328,0.009556839285714602,8.161098839285714,22.499841751098632,-0.00022021484375045475,67.5019873046875,-0.0024834399223436776,25773.533333333333,27337.6,0.0,12951.666666666668,46.13333333333334,0.0,778.0,0.0,35.504710172657624,47.4096099025408,0.0,21.263688401696612,1.5405626677721798,0.0,11.191266436129764,0.0,
2024-06-18_17-37-21,2024-06-18_17-37-36,5,3,-112.00614553571427,-14.677734375,-1.4790736607142776,0.009556839285714602,8.161098839285714,22.499841751098632,-0.00022021484375045475,67.5019873046875,-0.0024834399223436776,25710.933333333334,27359.13333333333,0.0,12963.8,48.46666666666666,0.0,769.2,0.0,47.366115408473696,27.13619968479965,0.0,34.367879060412164,1.8214768123085672,0.0,6.696267617113282,0.0,
2024-06-18_17-37-38,2024-06-18_17-37-53,5,3,-112.00614553571427,-14.677734375,-1.0571986607142776,0.009556839285714602,8.161098839285714,22.499841751098632,-0.00022021484375045475,67.5019873046875,-0.0024834399223436776,25769.93333333333,27382.466666666667,0.0,12901.466666666667,52.73333333333333,0.0,772.1333333333333,0.0,31.86854945623451,25.729058366843134,0.0,29.812674411322938,1.2036980056845188,0.0,8.873556220591617,0.0,
2024-06-18_17-37-55,2024-06-18_17-38-10,5,3,-112.00614553571427,-14.677734375,-0.6353236607142776,0.009556839285714602,8.161098839285714,22.499841751098632,-0.00022021484375045475,67.5019873046875,-0.0024834399223436776,25621.600000000002,27447.93333333333,0.0,12818.8,53.2,0.0,761.0666666666667,0.0,14.284179282611115,32.359164939095066,0.0,43.366858826117905,1.3888444437333112,0.0,7.160384843785357,0.0,
2024-06-18_17-38-11,2024-06-18_17-38-27,5,3,-112.00614553571427,-14.677734375,-0.2109375,0.009556839285714602,8.161098839285714,22.499841751098632,-0.00022021484375045475,67.5019873046875,-0.0024834399223436776,25619.4,27527.533333333336,0.0,12797.6,51.4,0.0,766.4666666666667,0.0,42.63663005236501,26.095465761954614,0.0,16.418959230786502,1.3638181696985856,0.0,14.141585641095714,0.0,
2024-06-18_17-38-28,2024-06-18_17-38-43,5,3,-112.00614553571427,-14.677734375,0.20591517857142858,0.009556839285714602,8.161098839285714,22.499841751098632,-0.00022021484375045475,67.5019873046875,-0.0024834399223436776,25617.666666666664,27483.8,0.0,12785.599999999999,53.466666666666676,0.0,760.0666666666666,0.0,31.48421121062999,44.63053264800264,0.0,20.182335510705016,0.9463379711052261,0.0,5.212591592587245,0.0,
2024-06-18_17-38-43,2024-06-18_17-38-59,5,3,-112.00614553571427,-14.677734375,0.6277901785714286,0.009556839285714602,8.161098839285714,22.499841751098632,-0.00022021484375045475,67.5019873046875,-0.0024834399223436776,25621.533333333333,27521.333333333332,0.0,12735.666666666668,55.2,0.0,762.1999999999999,0.0,40.30365299131611,53.45080812194419,0.0,32.154660971968354,2.2251092357704847,0.0,2.146314670934037,0.0,
2024-06-18_17-39-00,2024-06-18_17-39-15,5,3,-112.00614553571427,-14.677734375,1.0496651785714286,0.009556839285714602,8.161098839285714,22.499841751098632,-0.00022021484375045475,67.5019873046875,-0.0024834399223436776,25583.13333333333,27627.6,0.0,12760.266666666666,59.533333333333324,0.0,763.6666666666667,0.0,65.99702013475027,29.257933397057847,0.0,12.707565550577488,2.1949436844205774,0.0,1.545603082582615,0.0,
2024-06-18_17-39-15,2024-06-18_17-39-31,5,3,-112.00614553571427,-14.677734375,1.4765625,0.009556839285714602,8.161098839285714,22.499841751098632,-0.00022021484375045475,67.5019873046875,-0.0024834399223436776,25553.2,27718.4,0.0,12666.333333333332,58.8,0.0,758.3333333333333,0.0,51.9915164019842,56.30516060816392,0.0,26.520851335422126,1.3727506854649327,0.0,5.667646974029202,0.0,
2024-06-18_17-39-32,2024-06-18_17-39-47,5,3,-112.00614553571427,-14.677734375,1.8883928571428572,0.009556839285714602,8.161098839285714,22.499841751098632,-0.00022021484375045475,67.5019873046875,-0.0024834399223436776,25557.26666666667,27731.73333333333,0.0,12641.933333333332,62.133333333333326,0.0,757.9333333333334,0.0,21.037374149620465,50.8867369753652,0.0,32.90514988400579,1.5797327481430379,0.0,4.813638032830375,0.0,
2024-06-18_17-39-47,2024-06-18_17-40-03,5,3,-112.00614553571427,-14.677734375,2.3178013392857144,0.009556839285714602,8.161098839285714,22.499841751098632,-0.00022021484375045475,67.5019873046875,-0.0024834399223436776,25571.133333333335,27768.8,0.0,12626.000000000002,61.733333333333334,0.0,756.8,0.0,27.89994026277995,45.59600372352286,0.0,25.402099650750724,2.565584187319182,0.0,9.415471900606533,0.0,
2024-06-18_17-40-04,2024-06-18_17-40-19,5,3,-112.00614553571427,-14.677734375,2.7371651785714284,0.009556839285714602,8.161098839285714,22.499841751098632,-0.00022021484375045475,67.5019873046875,-0.0024834399223436776,25537.733333333334,27815.86666666667,0.0,12588.066666666666,66.2,0.0,755.4,0.0,52.62133069815346,34.83366825995299,0.0,10.909934310832003,2.327612033346145,0.0,2.1380156947766187,0.0,
2024-06-18_17-40-20,2024-06-18_17-40-35,5,3,-112.00614553571427,-14.677734375,3.156529017857143,0.009556839285714602,8.161098839285714,22.499841751098632,-0.00022021484375045475,67.5019873046875,-0.0024834399223436776,25545.066666666662,27927.4,0.0,12571.2,59.86666666666666,0.0,752.4,0.0,45.35347591726327,40.51424989364202,0.0,21.66015286700938,1.8275666882497066,0.0,6.084041054723045,0.0,
2024-06-18_17-40-36,2024-06-18_17-40-51,5,3,-112.00614553571427,-14.677734375,3.5809151785714284,0.009556839285714602,8.161098839285714,22.499841751098632,-0.00022021484375045475,67.5019873046875,-0.0024834399223436776,25454.600000000002,27971.26666666667,0.0,12482.333333333334,69.26666666666668,0.0,743.9333333333333,0.0,38.29220982567257,29.797539048272515,0.0,34.35031942274235,1.423610433604175,0.0,4.998221906060413,0.0,
2024-06-18_17-40-52,2024-06-18_17-41-07,5,3,-112.00614553571427,-14.677734375,3.990234375,0.009556839285714602,8.161098839285714,22.499841751098632,-0.00022021484375045475,67.5019873046875,-0.0024834399223436776,25473.933333333334,27932.533333333333,0.0,12512.399999999998,76.06666666666666,0.0,755.1333333333333,0.0,60.01522029174463,54.55838870217611,0.0,33.9483922054247,2.576388514525279,0.0,7.437592202976565,0.0,
