start,stop,num_samp,samp_period,C_UV_HWP,C_QP,C_PCC,B_C_HWP,B_C_QWP,B_HWP,B_QWP,A_HWP,A_QWP,A,B,Ap,Bp,C4,C5,C6,C7,A_SEM,B_SEM,Ap_SEM,Bp_SEM,C4_SEM,C5_SEM,C6_SEM,C7_SEM,note
2024-06-20_11-41-42,2024-06-20_11-41-48,5,1,-112.52093348214288,-15.004185267857167,-0.31640625,0.004534517857141651,8.16361,0.0008469238281350044,135.0020380859375,22.499841537475586,-0.0024834399223436776,25618.2,28237.8,0.0,12793.0,842.2,0.0,314.6,0.0,56.6351480972726,71.52999370893303,0.0,31.274590325054618,14.378456106272328,0.0,15.775297144586531,0.0,
2024-06-20_11-41-48,2024-06-20_11-41-54,5,1,-112.52093348214288,-14.783203125,-0.31640625,0.004534517857141651,8.16361,0.0008469238281350044,135.0020380859375,22.499841537475586,-0.0024834399223436776,25441.6,28070.8,0.0,12667.4,823.6,0.0,323.8,0.0,65.96332314248578,47.64283786677699,0.0,54.24629019573596,8.003749121505496,0.0,8.114185110040317,0.0,
2024-06-20_11-41-55,2024-06-20_11-42-01,5,1,-112.52093348214288,-14.562220982142833,-0.31640625,0.004534517857141651,8.16361,0.0008469238281350044,135.0020380859375,22.499841537475586,-0.0024834399223436776,25670.2,28196.2,0.0,12881.4,813.0,0.0,345.8,0.0,113.24636859520044,50.05237257113792,0.0,41.09452518280263,10.36339712642529,0.0,11.876026271442818,0.0,
2024-06-20_11-42-02,2024-06-20_11-42-07,5,1,-112.52093348214288,-14.323660714285722,-0.31640625,0.004534517857141651,8.16361,0.0008469238281350044,135.0020380859375,22.499841537475586,-0.0024834399223436776,25511.0,28164.8,0.0,12778.4,783.4,0.0,352.0,0.0,77.43125983735509,73.31466429030415,0.0,89.38601680352468,18.454267799075637,0.0,10.89954127475097,0.0,
2024-06-20_11-42-08,2024-06-20_11-42-13,5,1,-112.52093348214288,-14.105189732142833,-0.31640625,0.004534517857141651,8.16361,0.0008469238281350044,135.0020380859375,22.499841537475586,-0.0024834399223436776,25608.6,28167.2,0.0,12714.2,788.2,0.0,357.6,0.0,26.949211491247755,62.13324391982121,0.0,45.59210457963089,8.63365507765975,0.0,6.087692502089769,0.0,
2024-06-20_11-42-14,2024-06-20_11-42-20,5,1,-112.52093348214288,-13.88671875,-0.31640625,0.004534517857141651,8.16361,0.0008469238281350044,135.0020380859375,22.499841537475586,-0.0024834399223436776,25629.6,28154.4,0.0,12687.4,775.0,0.0,379.0,0.0,54.40643344311406,62.13742833429784,0.0,26.058779710492967,8.5848704125339,0.0,11.75159563633807,0.0,
2024-06-20_11-42-20,2024-06-20_11-42-26,5,1,-112.52093348214288,-13.673270089285722,-0.31640625,0.004534517857141651,8.16361,0.0008469238281350044,135.0020380859375,22.499841537475586,-0.0024834399223436776,25638.6,28189.0,0.0,12792.2,753.8,0.0,389.4,0.0,55.73383173620848,66.92084876927369,0.0,51.96575795656212,16.12575579624099,0.0,6.5467549213331635,0.0,
2024-06-20_11-42-27,2024-06-20_11-42-33,5,1,-112.52093348214288,-13.447265625,-0.31640625,0.004534517857141651,8.16361,0.0008469238281350044,135.0020380859375,22.499841537475586,-0.0024834399223436776,25370.2,28018.2,0.0,12701.8,710.4,0.0,395.6,0.0,54.17324062671533,58.101979312240296,0.0,53.794423502813004,12.331261087171901,0.0,8.70976463516667,0.0,
2024-06-20_11-42-34,2024-06-20_11-42-39,5,1,-112.52093348214288,-13.221261160714278,-0.31640625,0.004534517857141651,8.16361,0.0008469238281350044,135.0020380859375,22.499841537475586,-0.0024834399223436776,25726.2,28315.8,0.0,12738.6,714.6,0.0,391.0,0.0,83.27928914201897,89.25267502993957,0.0,26.78171017690991,10.327632836231157,0.0,10.124228365658293,0.0,
2024-06-20_11-42-40,2024-06-20_11-42-45,5,1,-112.52093348214288,-12.995256696428555,-0.31640625,0.004534517857141651,8.16361,0.0008469238281350044,135.0020380859375,22.499841537475586,-0.0024834399223436776,25416.4,28016.6,0.0,12623.8,668.2,0.0,395.2,0.0,70.50007092195014,24.86483460632707,0.0,68.92271033556355,9.50473566176356,0.0,8.974408058473829,0.0,
