start,stop,num_samp,samp_period,C_UV_HWP,C_QP,C_PCC,B_C_HWP,B_C_QWP,B_HWP,B_QWP,A_HWP,A_QWP,A,B,Ap,Bp,C4,C5,C6,C7,A_SEM,B_SEM,Ap_SEM,Bp_SEM,C4_SEM,C5_SEM,C6_SEM,C7_SEM,note
2024-07-16_13-51-37,2024-07-16_13-51-42,5,1,-112.42048705357143,-21.990234375,-0.3063616071428328,0.009965321428573759,8.158587678571429,0.0012866210937545475,44.9998408203125,22.499841537475586,-0.0019624953270067635,26018.2,28088.2,0.0,12547.4,221.2,0.0,704.8,0.0,57.269887375478575,65.7543914883257,0.0,34.886387029900355,7.3443856107914165,0.0,13.825339055516865,0.0,
2024-07-16_13-51-43,2024-07-16_13-51-49,5,1,-112.42048705357143,-21.593470982142833,-0.3063616071428328,0.009965321428573759,8.158587678571429,0.0012866210937545475,44.9998408203125,22.499841537475586,-0.0019624953270067635,25872.0,28232.2,0.0,12483.2,232.6,0.0,696.2,0.0,95.0273644799223,86.28580416267788,0.0,49.05649804052466,10.205880657738458,0.0,7.525955088890711,0.0,
2024-07-16_13-51-50,2024-07-16_13-51-55,5,1,-112.42048705357143,-21.179129464285722,-0.3063616071428328,0.009965321428573759,8.158587678571429,0.0012866210937545475,44.9998408203125,22.499841537475586,-0.0019624953270067635,25909.8,28183.6,0.0,12670.2,272.8,0.0,667.6,0.0,74.1002024288733,42.80373815451169,0.0,47.30475663186526,6.6887966032762565,0.0,12.147427711248172,0.0,
2024-07-16_13-51-57,2024-07-16_13-52-02,5,1,-112.42048705357143,-20.762276785714278,-0.3063616071428328,0.009965321428573759,8.158587678571429,0.0012866210937545475,44.9998408203125,22.499841537475586,-0.0019624953270067635,25933.6,27974.8,0.0,12665.6,305.0,0.0,657.4,0.0,71.25068420724112,30.795129485033826,0.0,29.564505745910925,6.457553716385176,0.0,5.0852728540364485,0.0,
2024-07-16_13-52-03,2024-07-16_13-52-08,5,1,-112.42048705357143,-20.345424107142833,-0.3063616071428328,0.009965321428573759,8.158587678571429,0.0012866210937545475,44.9998408203125,22.499841537475586,-0.0019624953270067635,25799.4,28165.6,0.0,12565.4,347.0,0.0,640.6,0.0,41.09330845770391,49.30983674683987,0.0,60.39337712034324,9.082951062292475,0.0,9.66747123088556,0.0,
2024-07-16_13-52-09,2024-07-16_13-52-15,5,1,-112.42048705357143,-19.931082589285722,-0.3063616071428328,0.009965321428573759,8.158587678571429,0.0012866210937545475,44.9998408203125,22.499841537475586,-0.0019624953270067635,25977.2,28007.6,0.0,12667.4,390.8,0.0,617.2,0.0,105.46677201848931,71.65514636088604,0.0,23.97623823705462,13.839797686382557,0.0,11.123848254988017,0.0,
2024-07-16_13-52-16,2024-07-16_13-52-21,5,1,-112.42048705357143,-19.514229910714278,-0.3063616071428328,0.009965321428573759,8.158587678571429,0.0012866210937545475,44.9998408203125,22.499841537475586,-0.0019624953270067635,25967.0,28099.2,0.0,12640.4,438.0,0.0,589.2,0.0,66.6295730137902,27.352147996089812,0.0,72.3668432363883,5.761944116355173,0.0,13.687220316777251,0.0,
2024-07-16_13-52-22,2024-07-16_13-52-28,5,1,-112.42048705357143,-19.107421875,-0.3063616071428328,0.009965321428573759,8.158587678571429,0.0012866210937545475,44.9998408203125,22.499841537475586,-0.0019624953270067635,25952.4,28000.4,0.0,12599.0,475.8,0.0,582.4,0.0,66.67728248811585,129.53208096838404,0.0,27.811867970346757,11.934822998268553,0.0,10.920622692868754,0.0,
2024-07-16_13-52-29,2024-07-16_13-52-34,5,1,-112.42048705357143,-18.685546875,-0.3063616071428328,0.009965321428573759,8.158587678571429,0.0012866210937545475,44.9998408203125,22.499841537475586,-0.0019624953270067635,25723.0,27795.0,0.0,12575.8,531.6,0.0,546.2,0.0,72.1422206478287,41.72289539329695,0.0,42.09322985944414,9.173875952943773,0.0,10.599056561788883,0.0,
2024-07-16_13-52-36,2024-07-16_13-52-41,5,1,-112.42048705357143,-18.273716517857167,-0.3063616071428328,0.009965321428573759,8.158587678571429,0.0012866210937545475,44.9998408203125,22.499841537475586,-0.0019624953270067635,25880.2,28001.2,0.0,12683.2,569.4,0.0,541.0,0.0,41.147782443286054,55.27693913378344,0.0,22.878811157925142,12.331261087171901,0.0,10.44509454241559,0.0,
2024-07-16_13-52-42,2024-07-16_13-52-47,5,1,-112.42048705357143,-17.866908482142833,-0.3063616071428328,0.009965321428573759,8.158587678571429,0.0012866210937545475,44.9998408203125,22.499841537475586,-0.0019624953270067635,25798.8,27733.2,0.0,12628.0,613.2,0.0,524.8,0.0,65.95483302988492,73.18018857587073,0.0,70.31713873587292,8.918520056601318,0.0,7.545859791965392,0.0,
2024-07-16_13-52-49,2024-07-16_13-52-54,5,1,-112.42048705357143,-17.455078125,-0.3063616071428328,0.009965321428573759,8.158587678571429,0.0012866210937545475,44.9998408203125,22.499841537475586,-0.0019624953270067635,25819.4,27723.8,0.0,12691.0,651.0,0.0,506.8,0.0,59.747468565622086,111.08438234063328,0.0,23.452078799117146,14.611639196202457,0.0,12.362847568420472,0.0,
2024-07-16_13-52-55,2024-07-16_13-53-00,5,1,-112.42048705357143,-17.033203125,-0.3063616071428328,0.009965321428573759,8.158587678571429,0.0012866210937545475,44.9998408203125,22.499841537475586,-0.0019624953270067635,25773.4,27865.8,0.0,12790.8,700.0,0.0,463.4,0.0,114.28455713699904,49.490807227201294,0.0,25.91215930793881,9.6591925128346,0.0,5.201922721455981,0.0,
2024-07-16_13-53-02,2024-07-16_13-53-07,5,1,-112.42048705357143,-16.616350446428555,-0.3063616071428328,0.009965321428573759,8.158587678571429,0.0012866210937545475,44.9998408203125,22.499841537475586,-0.0019624953270067635,25683.6,27690.6,0.0,12606.2,732.0,0.0,432.8,0.0,51.2197227637948,73.88409842449185,0.0,39.36800731558558,10.51189802081432,0.0,14.705101155721438,0.0,
2024-07-16_13-53-08,2024-07-16_13-53-13,5,1,-112.42048705357143,-16.204520089285722,-0.3063616071428328,0.009965321428573759,8.158587678571429,0.0012866210937545475,44.9998408203125,22.499841537475586,-0.0019624953270067635,25709.0,27700.4,0.0,12680.4,807.0,0.0,409.6,0.0,115.1598888502416,56.985612219226,0.0,50.054570220909895,21.372880011828073,0.0,5.591064299397745,0.0,
2024-07-16_13-53-15,2024-07-16_13-53-20,5,1,-112.42048705357143,-15.797712053571445,-0.3063616071428328,0.009965321428573759,8.158587678571429,0.0012866210937545475,44.9998408203125,22.499841537475586,-0.0019624953270067635,25952.0,27802.2,0.0,12743.8,864.8,0.0,417.2,0.0,75.11191649798319,90.09461693131283,0.0,26.2381401779928,20.715694533372513,0.0,8.867919710958144,0.0,
2024-07-16_13-53-21,2024-07-16_13-53-27,5,1,-112.42048705357143,-15.370814732142833,-0.3063616071428328,0.009965321428573759,8.158587678571429,0.0012866210937545475,44.9998408203125,22.499841537475586,-0.0019624953270067635,25756.2,27851.8,0.0,12760.2,910.0,0.0,389.2,0.0,96.81291236193651,113.99842104169689,0.0,57.3919855032042,16.074825037928093,0.0,5.013980454688669,0.0,
2024-07-16_13-53-28,2024-07-16_13-53-33,5,1,-112.42048705357143,-14.971540178571445,-0.3063616071428328,0.009965321428573759,8.158587678571429,0.0012866210937545475,44.9998408203125,22.499841537475586,-0.0019624953270067635,25798.8,27778.8,0.0,12737.2,967.4,0.0,358.6,0.0,40.676037171779654,44.48190643396481,0.0,80.13638374671021,5.573149917237109,0.0,3.9824615503479746,0.0,
2024-07-16_13-53-34,2024-07-16_13-53-39,5,1,-112.42048705357143,-14.557198660714278,-0.3063616071428328,0.009965321428573759,8.158587678571429,0.0012866210937545475,44.9998408203125,22.499841537475586,-0.0019624953270067635,25716.0,27671.0,0.0,12739.2,980.4,0.0,345.0,0.0,57.56822039980044,107.04765294017426,0.0,77.36304027117859,9.846826900072935,0.0,10.894952959971878,0.0,
2024-07-16_13-53-41,2024-07-16_13-53-46,5,1,-112.42048705357143,-14.1328125,-0.3063616071428328,0.009965321428573759,8.158587678571429,0.0012866210937545475,44.9998408203125,22.499841537475586,-0.0019624953270067635,25829.2,27797.2,0.0,12833.8,1044.6,0.0,318.2,0.0,102.42138448585821,50.99156793039414,0.0,72.24292352888274,16.758878244083043,0.0,5.5803225713214815,0.0,
2024-07-16_13-53-47,2024-07-16_13-53-52,5,1,-112.42048705357143,-13.723493303571445,-0.3063616071428328,0.009965321428573759,8.158587678571429,0.0012866210937545475,44.9998408203125,22.499841537475586,-0.0019624953270067635,25934.2,27625.8,0.0,12712.4,1080.4,0.0,310.0,0.0,40.759538760883935,30.17184117683241,0.0,70.11604666551017,12.02746856158851,0.0,6.0166435825965285,0.0,
2024-07-16_13-53-54,2024-07-16_13-53-59,5,1,-112.42048705357143,-13.314174107142833,-0.3063616071428328,0.009965321428573759,8.158587678571429,0.0012866210937545475,44.9998408203125,22.499841537475586,-0.0019624953270067635,25745.6,27508.4,0.0,12740.4,1083.4,0.0,282.6,0.0,38.872355215499866,56.56376932277409,0.0,55.50639602784529,7.749838707999025,0.0,6.539113089708726,0.0,
2024-07-16_13-54-00,2024-07-16_13-54-06,5,1,-112.42048705357143,-12.90234375,-0.3063616071428328,0.009965321428573759,8.158587678571429,0.0012866210937545475,44.9998408203125,22.499841537475586,-0.0019624953270067635,25860.6,27741.8,0.0,12817.2,1127.6,0.0,272.2,0.0,51.6581068178074,44.83793037150578,0.0,30.439119566768024,18.821795876058157,0.0,10.599056561788883,0.0,
2024-07-16_13-54-07,2024-07-16_13-54-12,5,1,-112.42048705357143,-12.488002232142833,-0.3063616071428328,0.009965321428573759,8.158587678571429,0.0012866210937545475,44.9998408203125,22.499841537475586,-0.0019624953270067635,25566.4,27553.0,0.0,12748.6,1163.0,0.0,243.8,0.0,58.4530580893763,86.90166856856086,0.0,50.982938322540804,8.473488065725943,0.0,8.90730037665734,0.0,
2024-07-16_13-54-13,2024-07-16_13-54-18,5,1,-112.42048705357143,-12.071149553571445,-0.3063616071428328,0.009965321428573759,8.158587678571429,0.0012866210937545475,44.9998408203125,22.499841537475586,-0.0019624953270067635,25820.8,27671.2,0.0,12814.4,1202.4,0.0,246.0,0.0,63.55108181612646,94.86379709878788,0.0,13.526270735128733,9.672641831474998,0.0,4.110960958218893,0.0,
2024-07-16_13-54-20,2024-07-16_13-54-25,5,1,-112.42048705357143,-11.646763392857167,-0.3063616071428328,0.009965321428573759,8.158587678571429,0.0012866210937545475,44.9998408203125,22.499841537475586,-0.0019624953270067635,25873.6,27763.0,0.0,12854.6,1239.2,0.0,221.8,0.0,40.35665992125711,50.65372641770791,0.0,15.765785740013088,13.047605144240071,0.0,6.6287253676706195,0.0,
2024-07-16_13-54-26,2024-07-16_13-54-32,5,1,-112.42048705357143,-11.239955357142833,-0.3063616071428328,0.009965321428573759,8.158587678571429,0.0012866210937545475,44.9998408203125,22.499841537475586,-0.0019624953270067635,25743.0,27584.4,0.0,12762.8,1239.0,0.0,198.4,0.0,36.13447107679867,78.79505060598667,0.0,47.35124074403964,18.45806056984319,0.0,5.409251334519409,0.0,
2024-07-16_13-54-32,2024-07-16_13-54-38,5,1,-112.42048705357143,-10.833147321428555,-0.3063616071428328,0.009965321428573759,8.158587678571429,0.0012866210937545475,44.9998408203125,22.499841537475586,-0.0019624953270067635,25685.4,27493.0,0.0,12732.8,1291.8,0.0,200.0,0.0,47.97978741095046,68.65274939869488,0.0,29.076450952617996,4.684015371452148,0.0,4.743416490252569,0.0,
2024-07-16_13-54-39,2024-07-16_13-54-44,5,1,-112.42048705357143,-10.418805803571445,-0.3063616071428328,0.009965321428573759,8.158587678571429,0.0012866210937545475,44.9998408203125,22.499841537475586,-0.0019624953270067635,25953.6,27833.8,0.0,12977.8,1301.4,0.0,181.4,0.0,129.51625380623082,32.038102315836376,0.0,37.178488403914436,12.444275792507973,0.0,6.021627686929839,0.0,
2024-07-16_13-54-45,2024-07-16_13-54-50,5,1,-112.42048705357143,-10.006975446428555,-0.3063616071428328,0.009965321428573759,8.158587678571429,0.0012866210937545475,44.9998408203125,22.499841537475586,-0.0019624953270067635,25664.8,27735.8,0.0,12766.0,1295.0,0.0,164.2,0.0,20.744637861384806,74.0022972616391,0.0,39.338276525541886,9.110433579144297,0.0,2.835489375751565,0.0,
