start,stop,num_samp,samp_period,C_UV_HWP,C_QP,C_PCC,B_C_HWP,B_HWP,B_QWP,A_HWP,A_QWP,A,B,Ap,Bp,C4,C5,C6,C7,A_SEM,B_SEM,Ap_SEM,Bp_SEM,C4_SEM,C5_SEM,C6_SEM,C7_SEM,note
2024-05-24_12-15-36,2024-05-24_12-15-41,5,1,-111.61440446428571,-27.996930803571445,2.943080357142857,0.009556839285714602,0.0008469238281350044,45.001671875,67.5019873046875,-0.0035252695083727303,26865.0,28533.2,0.0,13272.6,1420.4,0.0,73.8,0.0,116.26134353257748,51.255633836681795,0.0,33.338566255914486,24.154916683772683,0.0,3.056141357987225,0.0,
2024-05-24_12-15-42,2024-05-24_12-15-48,5,1,-111.61440446428571,-26.939732142857167,2.943080357142857,0.009556839285714602,0.0008469238281350044,45.001671875,67.5019873046875,-0.0035252695083727303,26698.8,28558.8,0.0,13114.8,1315.0,0.0,101.8,0.0,38.02551774795447,62.200803853326526,0.0,87.51194204221501,23.0,0.0,3.9166312055132275,0.0,
2024-05-24_12-15-49,2024-05-24_12-15-54,5,1,-111.61440446428571,-25.862444196428555,2.943080357142857,0.009556839285714602,0.0008469238281350044,45.001671875,67.5019873046875,-0.0035252695083727303,26593.8,28437.6,0.0,13191.2,1200.2,0.0,158.2,0.0,61.35258755749427,53.17574635113267,0.0,31.664491153340837,19.309065228539676,0.0,6.1838499334961226,0.0,
2024-05-24_12-15-55,2024-05-24_12-16-01,5,1,-111.61440446428571,-24.790178571428555,2.943080357142857,0.009556839285714602,0.0008469238281350044,45.001671875,67.5019873046875,-0.0035252695083727303,26770.8,28445.6,0.0,13234.0,1039.4,0.0,228.2,0.0,84.34061892113432,95.94404619360182,0.0,48.96835712988542,20.71859068566199,0.0,5.112729212465686,0.0,
2024-05-24_12-16-02,2024-05-24_12-16-07,5,1,-111.61440446428571,-23.738002232142833,2.943080357142857,0.009556839285714602,0.0008469238281350044,45.001671875,67.5019873046875,-0.0035252695083727303,26646.8,28550.2,0.0,13143.4,885.0,0.0,307.8,0.0,48.717963832656224,61.41286510170325,0.0,51.64358624263036,5.7532599454570095,0.0,3.1999999999999997,0.0,
2024-05-24_12-16-08,2024-05-24_12-16-13,5,1,-111.61440446428571,-22.658203125,2.943080357142857,0.009556839285714602,0.0008469238281350044,45.001671875,67.5019873046875,-0.0035252695083727303,26479.4,28480.6,0.0,13092.4,739.6,0.0,375.6,0.0,46.50225800969238,52.322652837943906,0.0,43.60802678406809,10.993634521849451,0.0,3.5999999999999996,0.0,
2024-05-24_12-16-14,2024-05-24_12-16-20,5,1,-111.61440446428571,-21.598493303571445,2.943080357142857,0.009556839285714602,0.0008469238281350044,45.001671875,67.5019873046875,-0.0035252695083727303,26388.4,28544.2,0.0,13082.6,599.2,0.0,431.0,0.0,82.78683470214331,77.70675646300005,0.0,35.72897983430257,10.2975725294848,0.0,12.918978287774928,0.0,
2024-05-24_12-16-21,2024-05-24_12-16-26,5,1,-111.61440446428571,-20.523716517857167,2.943080357142857,0.009556839285714602,0.0008469238281350044,45.001671875,67.5019873046875,-0.0035252695083727303,26215.8,28344.0,0.0,13075.2,455.2,0.0,519.2,0.0,48.80409818857429,72.72344876310528,0.0,56.70573163270182,10.513800454640558,0.0,4.409081537009721,0.0,
2024-05-24_12-16-27,2024-05-24_12-16-33,5,1,-111.61440446428571,-19.466517857142833,2.943080357142857,0.009556839285714602,0.0008469238281350044,45.001671875,67.5019873046875,-0.0035252695083727303,26049.8,28468.4,0.0,12943.6,320.4,0.0,551.4,0.0,41.41304142416975,48.78585860677252,0.0,71.94136501346078,7.3252986287249735,0.0,12.963795740445773,0.0,
2024-05-24_12-16-34,2024-05-24_12-16-39,5,1,-111.61440446428571,-18.391741071428555,2.943080357142857,0.009556839285714602,0.0008469238281350044,45.001671875,67.5019873046875,-0.0035252695083727303,26191.4,28474.8,0.0,13103.6,235.4,0.0,629.2,0.0,59.04625305639639,80.61352243885636,0.0,43.77739142525511,8.121576201698781,0.0,11.114854924829201,0.0,
2024-05-24_12-16-40,2024-05-24_12-16-46,5,1,-111.61440446428571,-17.339564732142833,2.943080357142857,0.009556839285714602,0.0008469238281350044,45.001671875,67.5019873046875,-0.0035252695083727303,26179.6,28311.2,0.0,12894.4,145.4,0.0,665.2,0.0,83.20492773868625,47.50410508577127,0.0,63.220724450135805,6.038211655780211,0.0,9.645724441429994,0.0,
2024-05-24_12-16-47,2024-05-24_12-16-52,5,1,-111.61440446428571,-16.262276785714278,2.943080357142857,0.009556839285714602,0.0008469238281350044,45.001671875,67.5019873046875,-0.0035252695083727303,26126.6,28490.6,0.0,13013.4,104.4,0.0,681.4,0.0,94.31309559122741,62.3166109476438,0.0,45.3415923849174,4.202380277890139,0.0,13.941305534274758,0.0,
2024-05-24_12-16-54,2024-05-24_12-16-59,5,1,-111.61440446428571,-15.217633928571445,2.943080357142857,0.009556839285714602,0.0008469238281350044,45.001671875,67.5019873046875,-0.0035252695083727303,26304.0,28533.8,0.0,12993.6,71.2,0.0,747.8,0.0,57.2127608143498,65.08179468945212,0.0,40.70331681816606,2.083266665599966,0.0,11.876026271442818,0.0,
2024-05-24_12-17-00,2024-05-24_12-17-06,5,1,-111.61440446428571,-14.127790178571445,2.943080357142857,0.009556839285714602,0.0008469238281350044,45.001671875,67.5019873046875,-0.0035252695083727303,26051.8,28280.2,0.0,13006.8,39.4,0.0,748.2,0.0,46.26813158103534,92.64307853261354,0.0,38.995384342252606,1.74928556845359,0.0,15.480310074413884,0.0,
2024-05-24_12-17-07,2024-05-24_12-17-12,5,1,-111.61440446428571,-13.070591517857167,2.943080357142857,0.009556839285714602,0.0008469238281350044,45.001671875,67.5019873046875,-0.0035252695083727303,26052.4,28525.0,0.0,12937.4,42.2,0.0,744.2,0.0,105.2998575497612,69.66491225861121,0.0,57.12495076584311,1.2806248474865696,0.0,16.65953180614629,0.0,
2024-05-24_12-17-13,2024-05-24_12-17-18,5,1,-111.61440446428571,-11.990792410714278,2.943080357142857,0.009556839285714602,0.0008469238281350044,45.001671875,67.5019873046875,-0.0035252695083727303,26352.4,28691.4,0.0,13131.2,51.0,0.0,770.6,0.0,100.41643291812352,79.5616741905297,0.0,28.27260157820642,6.107372593840988,0.0,9.594790253048785,0.0,
