start,stop,num_samp,samp_period,C_UV_HWP,C_QP,C_PCC,B_C_HWP,B_C_QWP,B_HWP,B_QWP,A_HWP,A_QWP,A,B,Ap,Bp,C4,C5,C6,C7,A_SEM,B_SEM,Ap_SEM,Bp_SEM,C4_SEM,C5_SEM,C6_SEM,C7_SEM,note
2024-06-18_16-48-29,2024-06-18_16-48-35,5,1,-111.93834419642857,-19.996372767857167,1.0546875,0.007045678571429903,8.16361,0.0008469238281350044,135.00209912109375,67.49990447998047,-0.0024834399223436776,25644.8,27714.6,0.0,12804.4,273.8,0.0,697.6,0.0,31.713404106150445,93.20278965782086,0.0,37.33711290391907,6.909413868049879,0.0,11.272089424769483,0.0,
2024-06-18_16-48-36,2024-06-18_16-48-41,5,1,-111.93834419642857,-19.215401785714278,1.0546875,0.007045678571429903,8.16361,0.0008469238281350044,135.00209912109375,67.49990447998047,-0.0024834399223436776,25719.8,27718.0,0.0,12752.4,346.8,0.0,649.6,0.0,50.619561436266906,33.81271950021175,0.0,27.365306502942737,7.598684096605148,0.0,9.479451460923254,0.0,
2024-06-18_16-48-41,2024-06-18_16-48-47,5,1,-111.93834419642857,-18.421875,1.0546875,0.007045678571429903,8.16361,0.0008469238281350044,135.00209912109375,67.49990447998047,-0.0024834399223436776,25760.6,27680.0,0.0,12749.0,445.2,0.0,622.0,0.0,64.2266299909936,102.21692619131139,0.0,93.89355675444402,8.07093550959243,0.0,9.782637681116478,0.0,
2024-06-18_16-48-48,2024-06-18_16-48-54,5,1,-111.93834419642857,-17.630859375,1.0546875,0.007045678571429903,8.16361,0.0008469238281350044,135.00209912109375,67.49990447998047,-0.0024834399223436776,25798.4,27813.8,0.0,12729.8,521.0,0.0,573.6,0.0,87.63880419083775,95.27350103780168,0.0,68.41301045853778,13.133925536563696,0.0,9.124691775616315,0.0,
2024-06-18_16-48-55,2024-06-18_16-49-00,5,1,-111.93834419642857,-16.83984375,1.0546875,0.007045678571429903,8.16361,0.0008469238281350044,135.00209912109375,67.49990447998047,-0.0024834399223436776,25688.2,27872.6,0.0,12669.0,613.2,0.0,536.4,0.0,83.43344653075287,99.72492165953302,0.0,39.60555516591075,13.32066064427737,0.0,8.078366171448284,0.0,
2024-06-18_16-49-01,2024-06-18_16-49-07,5,1,-111.93834419642857,-16.056361607142833,1.0546875,0.007045678571429903,8.16361,0.0008469238281350044,135.00209912109375,67.49990447998047,-0.0024834399223436776,25762.2,27989.6,0.0,12779.2,703.6,0.0,520.4,0.0,63.47708247863949,79.9616157915784,0.0,30.33710599249704,7.619711280619494,0.0,9.785703858180055,0.0,
2024-06-18_16-49-08,2024-06-18_16-49-13,5,1,-111.93834419642857,-15.265345982142833,1.0546875,0.007045678571429903,8.16361,0.0008469238281350044,135.00209912109375,67.49990447998047,-0.0024834399223436776,25884.2,28154.8,0.0,12673.4,780.0,0.0,451.4,0.0,80.51794830967813,68.69890828826902,0.0,32.609201155502106,11.610340218959994,0.0,1.6911534525287764,0.0,
2024-06-18_16-49-15,2024-06-18_16-49-20,5,1,-111.93834419642857,-14.474330357142833,1.0546875,0.007045678571429903,8.16361,0.0008469238281350044,135.00209912109375,67.49990447998047,-0.0024834399223436776,25694.2,28083.8,0.0,12628.0,897.6,0.0,405.8,0.0,40.7852914664098,62.34212059274211,0.0,66.85506712284416,6.6,0.0,9.697422337920525,0.0,
2024-06-18_16-49-20,2024-06-18_16-49-26,5,1,-111.93834419642857,-13.688337053571445,1.0546875,0.007045678571429903,8.16361,0.0008469238281350044,135.00209912109375,67.49990447998047,-0.0024834399223436776,25894.2,28302.8,0.0,12710.2,950.2,0.0,395.0,0.0,69.37031065232445,137.31147075171833,0.0,30.20496647904116,11.146299834474219,0.0,6.985699678629191,0.0,
2024-06-18_16-49-27,2024-06-18_16-49-32,5,1,-111.93834419642857,-12.892299107142833,1.0546875,0.007045678571429903,8.16361,0.0008469238281350044,135.00209912109375,67.49990447998047,-0.0024834399223436776,25954.8,28292.6,0.0,12777.0,1034.6,0.0,347.0,0.0,29.754663500029707,74.52556608305636,0.0,31.438829494750596,16.48817758274091,0.0,6.123724356957945,0.0,
2024-06-18_16-49-33,2024-06-18_16-49-38,5,1,-111.93834419642857,-12.098772321428555,1.0546875,0.007045678571429903,8.16361,0.0008469238281350044,135.00209912109375,67.49990447998047,-0.0024834399223436776,25475.4,28039.8,0.0,12580.2,1075.6,0.0,305.0,0.0,72.12808052346881,65.70875131974431,0.0,28.580412873154927,8.652167358529306,0.0,3.7947331922020546,0.0,
2024-06-18_16-49-39,2024-06-18_16-49-44,5,1,-111.93834419642857,-11.312779017857167,1.0546875,0.007045678571429903,8.16361,0.0008469238281350044,135.00209912109375,67.49990447998047,-0.0024834399223436776,25902.4,28579.8,0.0,12707.4,1144.2,0.0,279.0,0.0,65.0335298134739,57.46250951707556,0.0,36.05357125168046,30.337105992497044,0.0,4.795831523312719,0.0,
2024-06-18_16-49-45,2024-06-18_16-49-51,5,1,-111.93834419642857,-10.531808035714278,1.0546875,0.007045678571429903,8.16361,0.0008469238281350044,135.00209912109375,67.49990447998047,-0.0024834399223436776,25519.6,28250.0,0.0,12605.2,1183.6,0.0,254.8,0.0,80.37760882235798,54.358072077659266,0.0,36.83395172934883,11.3251931550857,0.0,5.756735185849701,0.0,
2024-06-18_16-49-51,2024-06-18_16-49-57,5,1,-111.93834419642857,-9.733258928571445,1.0546875,0.007045678571429903,8.16361,0.0008469238281350044,135.00209912109375,67.49990447998047,-0.0024834399223436776,25831.6,28228.0,0.0,12640.2,1255.4,0.0,224.2,0.0,50.55848098983988,76.17414259445262,0.0,60.00366655463646,16.734993277560648,0.0,5.978294071054049,0.0,
2024-06-18_16-49-58,2024-06-18_16-50-03,5,1,-111.93834419642857,-8.949776785714278,1.0546875,0.007045678571429903,8.16361,0.0008469238281350044,135.00209912109375,67.49990447998047,-0.0024834399223436776,25893.8,28481.2,0.0,12729.2,1287.8,0.0,192.6,0.0,72.60261703272134,82.8138877242217,0.0,45.161266589855515,20.917456824384747,0.0,8.078366171448284,0.0,
2024-06-18_16-50-04,2024-06-18_16-50-10,5,1,-111.93834419642857,-8.163783482142833,1.0546875,0.007045678571429903,8.16361,0.0008469238281350044,135.00209912109375,67.49990447998047,-0.0024834399223436776,25561.0,28479.0,0.0,12500.0,1314.2,0.0,193.4,0.0,68.34690922053461,29.115288080319587,0.0,33.55145302367693,15.988746042138512,0.0,5.24022900262956,0.0,
2024-06-18_16-50-11,2024-06-18_16-50-16,5,1,-111.93834419642857,-7.370256696428555,1.0546875,0.007045678571429903,8.16361,0.0008469238281350044,135.00209912109375,67.49990447998047,-0.0024834399223436776,25747.0,28555.6,0.0,12684.0,1369.0,0.0,168.6,0.0,108.60018416190647,81.52091756107754,0.0,46.3033476111609,15.852444606432156,0.0,5.853204250664758,0.0,
2024-06-18_16-50-17,2024-06-18_16-50-23,5,1,-111.93834419642857,-6.576729910714278,1.0546875,0.007045678571429903,8.16361,0.0008469238281350044,135.00209912109375,67.49990447998047,-0.0024834399223436776,25768.8,28594.6,0.0,12591.6,1411.2,0.0,135.8,0.0,57.63106801023211,86.05904949509957,0.0,44.681763617834065,16.203086125797146,0.0,3.4698703145794942,0.0,
2024-06-18_16-50-24,2024-06-18_16-50-29,5,1,-111.93834419642857,-5.790736607142833,1.0546875,0.007045678571429903,8.16361,0.0008469238281350044,135.00209912109375,67.49990447998047,-0.0024834399223436776,25667.0,28462.6,0.0,12493.2,1377.6,0.0,136.6,0.0,44.40157654858665,66.01030222624345,0.0,27.33386178350948,14.451989482420748,0.0,3.6959437225152656,0.0,
2024-06-18_16-50-30,2024-06-18_16-50-36,5,1,-111.93834419642857,-5.002232142857167,1.0546875,0.007045678571429903,8.16361,0.0008469238281350044,135.00209912109375,67.49990447998047,-0.0024834399223436776,25670.2,28302.0,0.0,12462.8,1415.8,0.0,124.6,0.0,42.810512727599985,59.242721071875145,0.0,56.02445894428611,23.425200105868893,0.0,6.241794613730894,0.0,
