start,stop,num_samp,samp_period,C_UV_HWP,C_QP,C_PCC,B_C_HWP,B_C_QWP,B_HWP,B_QWP,A_HWP,A_QWP,A,B,Ap,Bp,C4,C5,C6,C7,A_SEM,B_SEM,Ap_SEM,Bp_SEM,C4_SEM,C5_SEM,C6_SEM,C7_SEM,note
2024-06-20_11-45-54,2024-06-20_11-46-00,5,1,-112.52093348214288,-14.991629464285722,-0.31640625,0.004534517857141651,8.16361,0.0008469238281350044,44.99971875,0.0008581542968499889,135.00031481933593,25701.6,28207.4,0.0,12814.8,1517.8,0.0,55.2,0.0,81.59754898279726,61.351935584788194,0.0,49.22235264592703,33.3517615726666,0.0,2.7640549922170505,0.0,
2024-06-20_11-46-00,2024-06-20_11-46-06,5,1,-112.52093348214288,-14.778180803571445,-0.31640625,0.004534517857141651,8.16361,0.0008469238281350044,44.99971875,0.0008581542968499889,135.00031481933593,25429.0,27933.8,0.0,12740.4,1521.8,0.0,50.4,0.0,37.24647634340731,85.17769661126086,0.0,35.903481725314606,25.328639916110774,0.0,4.589117562233506,0.0,
2024-06-20_11-46-07,2024-06-20_11-46-13,5,1,-112.52093348214288,-14.557198660714278,-0.31640625,0.004534517857141651,8.16361,0.0008469238281350044,44.99971875,0.0008581542968499889,135.00031481933593,25679.0,28196.8,0.0,12841.8,1526.8,0.0,51.2,0.0,76.56043364558484,36.33648304390506,0.0,41.68860755650157,7.9962491206815205,0.0,3.597221149720989,0.0,
2024-06-20_11-46-14,2024-06-20_11-46-20,5,1,-112.52093348214288,-14.338727678571445,-0.31640625,0.004534517857141651,8.16361,0.0008469238281350044,44.99971875,0.0008581542968499889,135.00031481933593,25637.2,27888.6,0.0,12760.6,1529.8,0.0,50.4,0.0,59.15690999367699,57.21765461813338,0.0,56.247311046840274,6.398437309218556,0.0,2.20454076850486,0.0,
2024-06-20_11-46-21,2024-06-20_11-46-26,5,1,-112.52093348214288,-14.115234375,-0.31640625,0.004534517857141651,8.16361,0.0008469238281350044,44.99971875,0.0008581542968499889,135.00031481933593,25596.2,28071.4,0.0,12897.0,1520.4,0.0,47.8,0.0,92.59233229593042,73.21652818865424,0.0,34.46012188022555,7.8778169564924525,0.0,4.810405388322277,0.0,
2024-06-20_11-46-27,2024-06-20_11-46-33,5,1,-112.52093348214288,-13.889229910714278,-0.31640625,0.004534517857141651,8.16361,0.0008469238281350044,44.99971875,0.0008581542968499889,135.00031481933593,25390.4,27875.8,0.0,12844.0,1484.8,0.0,52.8,0.0,71.14674975007642,28.613633114304097,0.0,45.639894828976104,17.468256925062672,0.0,1.4966629547095764,0.0,
2024-06-20_11-46-34,2024-06-20_11-46-40,5,1,-112.52093348214288,-13.658203125,-0.31640625,0.004534517857141651,8.16361,0.0008469238281350044,44.99971875,0.0008581542968499889,135.00031481933593,25712.8,28211.2,0.0,12769.4,1518.4,0.0,42.6,0.0,120.64012599462916,31.11816189944387,0.0,73.74591514111137,20.667849428520615,0.0,1.0295630140987,0.0,
2024-06-20_11-46-41,2024-06-20_11-46-46,5,1,-112.52093348214288,-13.437220982142833,-0.31640625,0.004534517857141651,8.16361,0.0008469238281350044,44.99971875,0.0008581542968499889,135.00031481933593,25509.4,27664.6,0.0,12781.2,1495.0,0.0,49.0,0.0,96.1127462930906,59.44039030827439,0.0,26.365507770570243,26.78245694479877,0.0,3.7416573867739413,0.0,
2024-06-20_11-46-47,2024-06-20_11-46-52,5,1,-112.52093348214288,-13.226283482142833,-0.31640625,0.004534517857141651,8.16361,0.0008469238281350044,44.99971875,0.0008581542968499889,135.00031481933593,25640.6,28223.2,0.0,12835.2,1533.2,0.0,45.0,0.0,91.73418119763211,50.18107212884157,0.0,82.28693699488393,17.13300907604966,0.0,2.9154759474226504,0.0,
2024-06-20_11-46-53,2024-06-20_11-46-59,5,1,-112.52093348214288,-13.000279017857167,-0.31640625,0.004534517857141651,8.16361,0.0008469238281350044,44.99971875,0.0008581542968499889,135.00031481933593,25529.0,27568.6,0.0,12788.8,1497.2,0.0,45.4,0.0,50.1966134315852,59.61258256442174,0.0,59.4864690496923,11.740528097151337,0.0,2.767670500619609,0.0,
