start,stop,num_samp,samp_period,C_UV_HWP,C_QP,C_PCC,B_C_HWP,B_HWP,B_QWP,A_HWP,A_QWP,A,B,Ap,Bp,C4,C5,C6,C7,A_SEM,B_SEM,Ap_SEM,Bp_SEM,C4_SEM,C5_SEM,C6_SEM,C7_SEM,note
2024-05-24_14-47-10,2024-05-24_14-47-16,5,1,-112.73940446428571,-29.998325892857167,2.9380580357142856,0.007045678571429903,0.0008469238281350044,135.0020838623047,0.0008581542968499889,134.99978076171874,25996.6,28110.0,0.0,12878.8,849.6,0.0,311.0,0.0,90.01644294238692,69.19826587422548,0.0,19.619887869200472,8.103085831953157,0.0,8.916277250063503,0.0,
2024-05-24_14-47-17,2024-05-24_14-47-22,5,1,-112.73940446428571,-28.893415178571445,2.9380580357142856,0.007045678571429903,0.0008469238281350044,135.0020838623047,0.0008581542968499889,134.99978076171874,26520.4,28795.0,0.0,13152.0,655.2,0.0,415.0,0.0,31.395222566498866,84.01190391843288,0.0,64.99461516156549,14.329689459300923,0.0,8.97217922246318,0.0,
2024-05-24_14-47-23,2024-05-24_14-47-29,5,1,-112.73940446428571,-27.768415178571445,2.9380580357142856,0.007045678571429903,0.0008469238281350044,135.0020838623047,0.0008581542968499889,134.99978076171874,26672.4,28785.6,0.0,13086.2,489.2,0.0,513.6,0.0,70.96802096719338,61.085677535736636,0.0,36.213809520678716,7.857480512225277,0.0,12.796874618437114,0.0,
2024-05-24_14-47-30,2024-05-24_14-47-35,5,1,-112.73940446428571,-26.671037946428555,2.9380580357142856,0.007045678571429903,0.0008469238281350044,135.0020838623047,0.0008581542968499889,134.99978076171874,26520.4,28697.6,0.0,13223.8,311.6,0.0,576.8,0.0,56.795774490713654,62.63433563150486,0.0,20.185143051264212,8.553361912137238,0.0,11.105854312028407,0.0,
2024-05-24_14-47-37,2024-05-24_14-47-42,5,1,-112.73940446428571,-25.546037946428555,2.9380580357142856,0.007045678571429903,0.0008469238281350044,135.0020838623047,0.0008581542968499889,134.99978076171874,26670.8,28931.6,0.0,13163.4,192.8,0.0,659.8,0.0,49.79698786071302,53.11741710587968,0.0,80.52117733863558,4.747630988187688,0.0,17.987217683677486,0.0,
2024-05-24_14-47-43,2024-05-24_14-47-49,5,1,-112.73940446428571,-24.436104910714278,2.9380580357142856,0.007045678571429903,0.0008469238281350044,135.0020838623047,0.0008581542968499889,134.99978076171874,26378.0,28719.6,0.0,13109.6,92.8,0.0,712.8,0.0,67.21086221735293,91.97043003052664,0.0,51.03684943254236,1.8275666882497066,0.0,12.44748970676417,0.0,
2024-05-24_14-47-49,2024-05-24_14-47-55,5,1,-112.73940446428571,-23.328683035714278,2.9380580357142856,0.007045678571429903,0.0008469238281350044,135.0020838623047,0.0008581542968499889,134.99978076171874,26362.6,28791.6,0.0,13024.6,45.6,0.0,715.2,0.0,24.78426920447726,49.808232251305604,0.0,31.24035851266755,2.2271057451320084,0.0,13.05526713629407,0.0,
2024-05-24_14-47-56,2024-05-24_14-48-01,5,1,-112.73940446428571,-22.228794642857167,2.9380580357142856,0.007045678571429903,0.0008469238281350044,135.0020838623047,0.0008581542968499889,134.99978076171874,26164.2,28716.0,0.0,13165.2,37.6,0.0,742.8,0.0,40.197512360841436,75.9789444517361,0.0,30.95222124500922,2.2271057451320084,0.0,15.047923444781341,0.0,
2024-05-24_14-48-02,2024-05-24_14-48-07,5,1,-112.73940446428571,-21.108816964285722,2.9380580357142856,0.007045678571429903,0.0008469238281350044,135.0020838623047,0.0008581542968499889,134.99978076171874,26119.0,28454.2,0.0,13032.6,78.0,0.0,725.0,0.0,71.64356216716196,72.97766781694247,0.0,80.13276483436722,2.16794833886788,0.0,9.115920140062657,0.0,
2024-05-24_14-48-09,2024-05-24_14-48-14,5,1,-112.73940446428571,-19.991350446428555,2.9380580357142856,0.007045678571429903,0.0008469238281350044,135.0020838623047,0.0008581542968499889,134.99978076171874,26183.0,28566.8,0.0,12901.0,123.0,0.0,712.6,0.0,77.9903840226473,68.19780055104417,0.0,48.2420977984996,2.4698178070456938,0.0,10.78702924812944,0.0,
