start,stop,num_samp,samp_period,C_UV_HWP,C_QP,C_PCC,B_C_HWP,B_C_QWP,B_HWP,B_QWP,A_HWP,A_QWP,A,B,Ap,Bp,C4,C5,C6,C7,A_SEM,B_SEM,Ap_SEM,Bp_SEM,C4_SEM,C5_SEM,C6_SEM,C7_SEM,note
2024-06-18_16-55-42,2024-06-18_16-55-47,5,1,-111.93834419642857,-20.00390625,1.0546875,0.007045678571429903,8.16361,0.0008469238281350044,44.9998408203125,0.0008581542968499889,45.00018511962891,25634.2,28003.0,0.0,12670.0,326.6,0.0,614.8,0.0,40.28572948327981,41.534323155674514,0.0,67.01566980938115,5.182663407939975,0.0,8.187795796183488,0.0,
2024-06-18_16-55-47,2024-06-18_16-55-53,5,1,-111.93834419642857,-19.212890625,1.0546875,0.007045678571429903,8.16361,0.0008469238281350044,44.9998408203125,0.0008581542968499889,45.00018511962891,25514.0,27832.6,0.0,12697.0,246.8,0.0,651.0,0.0,42.416977732978566,47.89739032556993,0.0,59.31104450268937,5.71314274283428,0.0,16.046806535881213,0.0,
2024-06-18_16-55-53,2024-06-18_16-55-59,5,1,-111.93834419642857,-18.414341517857167,1.0546875,0.007045678571429903,8.16361,0.0008469238281350044,44.9998408203125,0.0008581542968499889,45.00018511962891,25451.0,27926.0,0.0,12647.6,189.6,0.0,670.8,0.0,69.02028687277385,102.87516707155328,0.0,34.42034282223232,7.533923280734945,0.0,13.687220316777251,0.0,
2024-06-18_16-56-00,2024-06-18_16-56-05,5,1,-111.93834419642857,-17.630859375,1.0546875,0.007045678571429903,8.16361,0.0008469238281350044,44.9998408203125,0.0008581542968499889,45.00018511962891,25809.8,27977.8,0.0,12782.0,150.0,0.0,706.6,0.0,47.98583124214897,48.069116904723764,0.0,47.29164831130334,6.723094525588644,0.0,12.416118556135006,0.0,
2024-06-18_16-56-06,2024-06-18_16-56-11,5,1,-111.93834419642857,-16.842354910714278,1.0546875,0.007045678571429903,8.16361,0.0008469238281350044,44.9998408203125,0.0008581542968499889,45.00018511962891,25416.6,27611.2,0.0,12689.6,98.4,0.0,714.0,0.0,75.11098454953176,73.72882746931488,0.0,57.03297291918071,5.192301994298868,0.0,16.825575770237403,0.0,
2024-06-18_16-56-12,2024-06-18_16-56-18,5,1,-111.93834419642857,-16.051339285714278,1.0546875,0.007045678571429903,8.16361,0.0008469238281350044,44.9998408203125,0.0008581542968499889,45.00018511962891,25720.8,28059.8,0.0,12797.8,85.4,0.0,755.8,0.0,73.34534750071063,83.08513705832107,0.0,23.139576487049194,5.793099343184096,0.0,11.719214990774764,0.0,
2024-06-18_16-56-19,2024-06-18_16-56-24,5,1,-111.93834419642857,-15.260323660714278,1.0546875,0.007045678571429903,8.16361,0.0008469238281350044,44.9998408203125,0.0008581542968499889,45.00018511962891,25759.6,27988.4,0.0,12857.2,63.2,0.0,753.2,0.0,57.043492179213565,97.62766001497731,0.0,38.76519057092329,3.3226495451672298,0.0,10.836973747315252,0.0,
2024-06-18_16-56-26,2024-06-18_16-56-31,5,1,-111.93834419642857,-14.466796875,1.0546875,0.007045678571429903,8.16361,0.0008469238281350044,44.9998408203125,0.0008581542968499889,45.00018511962891,25667.2,27767.2,0.0,12847.6,66.8,0.0,753.4,0.0,82.08373773166034,29.336666477294248,0.0,80.22007230113918,2.88790581563873,0.0,19.44376506749657,0.0,
2024-06-18_16-56-31,2024-06-18_16-56-37,5,1,-111.93834419642857,-13.685825892857167,1.0546875,0.007045678571429903,8.16361,0.0008469238281350044,44.9998408203125,0.0008581542968499889,45.00018511962891,25775.8,27783.4,0.0,12922.8,71.0,0.0,740.4,0.0,62.024511283846486,64.20404971650932,0.0,35.96025583891194,2.1213203435596424,0.0,13.238579984273237,0.0,
2024-06-18_16-56-37,2024-06-18_16-56-43,5,1,-111.93834419642857,-12.887276785714278,1.0546875,0.007045678571429903,8.16361,0.0008469238281350044,44.9998408203125,0.0008581542968499889,45.00018511962891,25822.0,27757.2,0.0,12964.0,78.0,0.0,796.0,0.0,28.110496260293946,88.83096307031687,0.0,81.94327306130748,3.8600518131237562,0.0,14.27935572776307,0.0,
2024-06-18_16-56-44,2024-06-18_16-56-49,5,1,-111.93834419642857,-12.103794642857167,1.0546875,0.007045678571429903,8.16361,0.0008469238281350044,44.9998408203125,0.0008581542968499889,45.00018511962891,25383.4,27447.2,0.0,12898.2,90.2,0.0,745.4,0.0,74.09493909842966,40.902811639299316,0.0,93.93476459756525,1.9849433241279208,0.0,9.927738916792686,0.0,
2024-06-18_16-56-50,2024-06-18_16-56-55,5,1,-111.93834419642857,-11.3203125,1.0546875,0.007045678571429903,8.16361,0.0008469238281350044,44.9998408203125,0.0008581542968499889,45.00018511962891,25833.2,27902.4,0.0,13091.6,136.4,0.0,746.2,0.0,118.66819287408063,38.51181636848618,0.0,37.221767824755446,3.171750305430741,0.0,15.695222202950804,0.0,
2024-06-18_16-56-56,2024-06-18_16-57-01,5,1,-111.93834419642857,-10.531808035714278,1.0546875,0.007045678571429903,8.16361,0.0008469238281350044,44.9998408203125,0.0008581542968499889,45.00018511962891,25674.6,27571.6,0.0,12999.2,155.2,0.0,739.0,0.0,57.97206223690856,36.912870384189844,0.0,48.65429066382532,7.927168473042564,0.0,14.802026888233922,0.0,
2024-06-18_16-57-02,2024-06-18_16-57-07,5,1,-111.93834419642857,-9.728236607142833,1.0546875,0.007045678571429903,8.16361,0.0008469238281350044,44.9998408203125,0.0008581542968499889,45.00018511962891,25727.4,27408.2,0.0,12946.4,172.0,0.0,711.2,0.0,56.260643437486564,94.79103333121756,0.0,47.64409722095697,5.458937625582472,0.0,8.69712596206356,0.0,
2024-06-18_16-57-08,2024-06-18_16-57-13,5,1,-111.93834419642857,-8.942243303571445,1.0546875,0.007045678571429903,8.16361,0.0008469238281350044,44.9998408203125,0.0008581542968499889,45.00018511962891,25910.8,27642.0,0.0,13169.4,211.8,0.0,723.6,0.0,59.29451913963044,59.22415047934415,0.0,51.15916340207294,3.307567081708245,0.0,7.736924453553879,0.0,
2024-06-18_16-57-14,2024-06-18_16-57-20,5,1,-111.93834419642857,-8.161272321428555,1.0546875,0.007045678571429903,8.16361,0.0008469238281350044,44.9998408203125,0.0008581542968499889,45.00018511962891,25660.0,27568.8,0.0,13080.6,254.2,0.0,676.8,0.0,58.32666628567074,80.22929639477091,0.0,17.81179384565182,3.1999999999999997,0.0,7.505997601918081,0.0,
2024-06-18_16-57-20,2024-06-18_16-57-26,5,1,-111.93834419642857,-7.370256696428555,1.0546875,0.007045678571429903,8.16361,0.0008469238281350044,44.9998408203125,0.0008581542968499889,45.00018511962891,25839.2,27684.2,0.0,13041.2,289.6,0.0,696.4,0.0,55.113882098796125,56.67662657568815,0.0,40.51222037854751,6.727555276621664,0.0,8.512343978012165,0.0,
2024-06-18_16-57-27,2024-06-18_16-57-32,5,1,-111.93834419642857,-6.569196428571445,1.0546875,0.007045678571429903,8.16361,0.0008469238281350044,44.9998408203125,0.0008581542968499889,45.00018511962891,25827.8,27606.2,0.0,13128.6,326.2,0.0,677.6,0.0,37.54650449775585,41.59975961469008,0.0,33.09320171878206,7.882892870006542,0.0,17.293351323557847,0.0,
2024-06-18_16-57-34,2024-06-18_16-57-39,5,1,-111.93834419642857,-5.780691964285722,1.0546875,0.007045678571429903,8.16361,0.0008469238281350044,44.9998408203125,0.0008581542968499889,45.00018511962891,25694.4,27240.8,0.0,12993.4,336.8,0.0,660.0,0.0,61.792070688721864,32.780176936679275,0.0,40.39009779636588,6.748333127521196,0.0,11.983321743156193,0.0,
2024-06-18_16-57-40,2024-06-18_16-57-45,5,1,-111.93834419642857,-5.002232142857167,1.0546875,0.007045678571429903,8.16361,0.0008469238281350044,44.9998408203125,0.0008581542968499889,45.00018511962891,25495.6,27383.8,0.0,12877.0,355.4,0.0,608.0,0.0,38.54426027309384,29.09192327777591,0.0,58.21941257003544,8.405950273467004,0.0,12.275992831539124,0.0,
