start,stop,num_samp,samp_period,C_UV_HWP,C_QP,C_PCC,B_C_HWP,B_HWP,B_QWP,A_HWP,A_QWP,A,B,Ap,Bp,C4,C5,C6,C7,A_SEM,B_SEM,Ap_SEM,Bp_SEM,C4_SEM,C5_SEM,C6_SEM,C7_SEM,note
2024-05-24_12-25-35,2024-05-24_12-25-40,5,1,-111.61440446428571,-27.994419642857167,2.943080357142857,0.009556839285714602,0.0008469238281350044,135.0026484375,0.0008581542968499889,44.99966250610352,26967.4,28746.4,0.0,13172.8,1167.2,0.0,250.4,0.0,64.23519284628948,68.27415323532031,0.0,45.01710785912396,14.595889832415152,0.0,7.201388754955533,0.0,
2024-05-24_12-25-41,2024-05-24_12-25-46,5,1,-111.61440446428571,-26.937220982142833,2.943080357142857,0.009556839285714602,0.0008469238281350044,135.0026484375,0.0008581542968499889,44.99966250610352,26522.2,28835.8,0.0,13178.6,1295.0,0.0,172.0,0.0,107.46413355161803,116.12122975580304,0.0,31.036430207096952,19.562719647329203,0.0,1.5811388300841895,0.0,
2024-05-24_12-25-47,2024-05-24_12-25-52,5,1,-111.61440446428571,-25.859933035714278,2.943080357142857,0.009556839285714602,0.0008469238281350044,135.0026484375,0.0008581542968499889,44.99966250610352,26557.2,28736.8,0.0,13099.8,1435.0,0.0,101.6,0.0,72.7457215236745,88.96707256058276,0.0,26.991480137258126,25.16545250934304,0.0,3.722902093797257,0.0,
2024-05-24_12-25-54,2024-05-24_12-25-59,5,1,-111.61440446428571,-24.800223214285722,2.943080357142857,0.009556839285714602,0.0008469238281350044,135.0026484375,0.0008581542968499889,44.99966250610352,26522.4,28841.0,0.0,13118.0,1501.6,0.0,55.4,0.0,94.83596364249166,101.2007905107465,0.0,45.27361262369063,10.547985589675404,0.0,2.1587033144922905,0.0,
2024-05-24_12-26-01,2024-05-24_12-26-06,5,1,-111.61440446428571,-23.732979910714278,2.943080357142857,0.009556839285714602,0.0008469238281350044,135.0026484375,0.0008581542968499889,44.99966250610352,26342.0,28696.4,0.0,13064.8,1537.0,0.0,28.8,0.0,50.07494383421713,80.9151407339813,0.0,49.70653880527188,12.259690045021529,0.0,3.023243291566195,0.0,
2024-05-24_12-26-07,2024-05-24_12-26-12,5,1,-111.61440446428571,-22.663225446428555,2.943080357142857,0.009556839285714602,0.0008469238281350044,135.0026484375,0.0008581542968499889,44.99966250610352,26338.2,28784.4,0.0,13064.4,1544.2,0.0,20.6,0.0,59.59144233864456,78.56818694611705,0.0,46.238079544894596,17.82806775845324,0.0,1.4352700094407322,0.0,
2024-05-24_12-26-13,2024-05-24_12-26-19,5,1,-111.61440446428571,-21.595982142857167,2.943080357142857,0.009556839285714602,0.0008469238281350044,135.0026484375,0.0008581542968499889,44.99966250610352,26004.0,28659.0,0.0,12885.4,1464.6,0.0,28.2,0.0,105.23117408829002,41.039005835911766,0.0,61.10695541425705,22.58450796453179,0.0,1.0677078252031311,0.0,
2024-05-24_12-26-20,2024-05-24_12-26-25,5,1,-111.61440446428571,-20.526227678571445,2.943080357142857,0.009556839285714602,0.0008469238281350044,135.0026484375,0.0008581542968499889,44.99966250610352,25878.2,28291.2,0.0,12900.6,1396.8,0.0,57.0,0.0,58.90534780476218,77.85589251944903,0.0,80.00412489365783,14.224626532883033,0.0,2.449489742783178,0.0,
2024-05-24_12-26-26,2024-05-24_12-26-32,5,1,-111.61440446428571,-19.464006696428555,2.943080357142857,0.009556839285714602,0.0008469238281350044,135.0026484375,0.0008581542968499889,44.99966250610352,25999.4,28387.8,0.0,12934.2,1341.0,0.0,97.0,0.0,82.88884122727256,75.510529067144,0.0,40.16017928246835,12.19426094521517,0.0,3.8078865529319543,0.0,
2024-05-24_12-26-33,2024-05-24_12-26-38,5,1,-111.61440446428571,-18.399274553571445,2.943080357142857,0.009556839285714602,0.0008469238281350044,135.0026484375,0.0008581542968499889,44.99966250610352,25899.0,28564.8,0.0,13073.2,1212.2,0.0,134.0,0.0,89.74463772281885,126.88356867616862,0.0,55.87074368576098,15.742934923323538,0.0,7.816648898345121,0.0,
2024-05-24_12-26-40,2024-05-24_12-26-45,5,1,-111.61440446428571,-17.334542410714278,2.943080357142857,0.009556839285714602,0.0008469238281350044,135.0026484375,0.0008581542968499889,44.99966250610352,25924.2,28199.4,0.0,12931.6,1125.2,0.0,171.0,0.0,69.75987385309695,122.96365316629135,0.0,70.4276934167235,14.5650266048504,0.0,6.693280212272604,0.0,
2024-05-24_12-26-46,2024-05-24_12-26-52,5,1,-111.61440446428571,-16.262276785714278,2.943080357142857,0.009556839285714602,0.0008469238281350044,135.0026484375,0.0008581542968499889,44.99966250610352,25895.0,28374.2,0.0,12973.4,990.0,0.0,234.4,0.0,82.1602093473477,74.60991891162996,0.0,53.39906366220291,6.549809157525126,0.0,6.896375859826667,0.0,
2024-05-24_12-26-53,2024-05-24_12-26-58,5,1,-111.61440446428571,-15.192522321428555,2.943080357142857,0.009556839285714602,0.0008469238281350044,135.0026484375,0.0008581542968499889,44.99966250610352,25910.6,28574.8,0.0,12985.6,910.0,0.0,286.4,0.0,50.61580780744293,50.158149886135156,0.0,77.2409217966746,19.583156027566137,0.0,4.864154602806123,0.0,
2024-05-24_12-26-59,2024-05-24_12-27-04,5,1,-111.61440446428571,-14.1328125,2.943080357142857,0.009556839285714602,0.0008469238281350044,135.0026484375,0.0008581542968499889,44.99966250610352,25831.8,28264.4,0.0,12935.0,794.4,0.0,340.0,0.0,72.0516481421487,91.8289714632588,0.0,52.35647046927438,7.393240155709809,0.0,5.924525297439449,0.0,
2024-05-24_12-27-05,2024-05-24_12-27-10,5,1,-111.61440446428571,-13.068080357142833,2.943080357142857,0.009556839285714602,0.0008469238281350044,135.0026484375,0.0008581542968499889,44.99966250610352,25941.0,28140.0,0.0,12948.4,685.8,0.0,399.0,0.0,43.4315553486172,80.82883148975989,0.0,29.46455497712463,8.92972563968233,0.0,9.148770409186143,0.0,
2024-05-24_12-27-12,2024-05-24_12-27-17,5,1,-111.61440446428571,-11.998325892857167,2.943080357142857,0.009556839285714602,0.0008469238281350044,135.0026484375,0.0008581542968499889,44.99966250610352,26138.6,28440.8,0.0,13054.0,597.0,0.0,449.4,0.0,48.19190803444079,97.63267895535797,0.0,45.40154182403941,5.6656861896861175,0.0,10.533755265810953,0.0,
