start,stop,num_samp,samp_period,C_UV_HWP,C_QP,C_PCC,B_C_HWP,B_HWP,B_QWP,A_HWP,A_QWP,A,B,Ap,Bp,C4,C5,C6,C7,A_SEM,B_SEM,Ap_SEM,Bp_SEM,C4_SEM,C5_SEM,C6_SEM,C7_SEM,note
2023-07-21_10-16-05,2023-07-21_10-16-21,5,3,22.499216517857143,-34.99553571428572,4.002790178571429,0.005332589285714284,0.001251220703125,135.00189184570314,22.500216667175295,-0.002594970703114541,22469.8,25446.466666666667,0.0,11556.466666666667,263.0666666666667,0.0,535.5333333333334,0.0,10.82414995379446,67.14409049863531,0.0,37.654953931130436,5.005996404313532,0.0,3.2873494895837734,0.0,
2023-07-21_10-16-22,2023-07-21_10-16-37,5,3,22.499216517857143,-33.15485491071428,4.002790178571429,0.005332589285714284,0.001251220703125,135.00189184570314,22.500216667175295,-0.002594970703114541,23307.4,26353.93333333333,0.0,11952.733333333334,73.4,0.0,638.4,0.0,39.60799582575887,41.2153423429239,0.0,34.04888642329823,2.448128536930471,0.0,2.519700158528552,0.0,
2023-07-21_10-16-38,2023-07-21_10-16-53,5,3,22.499216517857143,-31.314174107142833,4.002790178571429,0.005332589285714284,0.001251220703125,135.00189184570314,22.500216667175295,-0.002594970703114541,24072.26666666667,27053.466666666664,0.0,12325.4,46.0,0.0,680.1333333333333,0.0,31.202457168199757,34.34087295855431,0.0,9.430682784283425,1.4794894014114763,0.0,7.254577099244927,0.0,
2023-07-21_10-16-54,2023-07-21_10-17-09,5,3,22.499216517857143,-29.481026785714278,4.002790178571429,0.005332589285714284,0.001251220703125,135.00189184570314,22.500216667175295,-0.002594970703114541,24996.6,28030.4,0.0,12854.466666666667,187.53333333333333,0.0,658.6666666666667,0.0,44.60672595024197,32.255989969133815,0.0,24.299199803925962,3.6736297521056165,0.0,6.517497815709481,0.0,
2023-07-21_10-17-10,2023-07-21_10-17-26,5,3,22.499216517857143,-27.630301339285722,4.002790178571429,0.005332589285714284,0.001251220703125,135.00189184570314,22.500216667175295,-0.002594970703114541,25117.0,28136.2,0.0,12866.133333333333,446.0,0.0,542.2666666666667,0.0,34.47688436555046,43.49950191285696,0.0,41.10212214040091,3.5543400700176857,0.0,7.628455501170167,0.0,
2023-07-21_10-17-26,2023-07-21_10-17-42,5,3,22.499216517857143,-25.792131696428555,4.002790178571429,0.005332589285714284,0.001251220703125,135.00189184570314,22.500216667175295,-0.002594970703114541,25081.933333333334,28073.93333333333,0.0,12849.400000000001,732.0,0.0,411.2666666666666,0.0,45.40758624821319,45.385925375849816,0.0,14.269002923976258,12.386372439993167,0.0,1.7556258776351596,0.0,
2023-07-21_10-17-43,2023-07-21_10-17-58,5,3,22.499216517857143,-23.948939732142833,4.002790178571429,0.005332589285714284,0.001251220703125,135.00189184570314,22.500216667175295,-0.002594970703114541,25392.666666666664,28308.13333333334,0.0,12990.8,1054.2666666666667,0.0,256.79999999999995,0.0,60.94934144207144,39.37379275045203,0.0,36.41864601790936,8.57476919028533,0.0,3.2465366161495828,0.0,
2023-07-21_10-17-59,2023-07-21_10-18-14,5,3,22.499216517857143,-22.110770089285722,4.002790178571429,0.005332589285714284,0.001251220703125,135.00189184570314,22.500216667175295,-0.002594970703114541,25582.26666666667,28375.0,0.0,13017.733333333334,1270.0,0.0,147.93333333333334,0.0,45.064077834912695,21.089228424850987,0.0,50.428320967047334,12.660963628413123,0.0,0.7986099033807312,0.0,
2023-07-21_10-18-15,2023-07-21_10-18-30,5,3,22.499216517857143,-20.260044642857167,4.002790178571429,0.005332589285714284,0.001251220703125,135.00189184570314,22.500216667175295,-0.002594970703114541,25574.466666666667,28434.533333333333,0.0,12991.466666666665,1446.3333333333335,0.0,73.73333333333332,0.0,23.518692329482747,86.71246225953435,0.0,14.961654691614603,13.695903686058019,0.0,2.4819347291981724,0.0,
2023-07-21_10-18-31,2023-07-21_10-18-46,5,3,22.499216517857143,-18.424386160714278,4.002790178571429,0.005332589285714284,0.001251220703125,135.00189184570314,22.500216667175295,-0.002594970703114541,26064.4,28774.0,0.0,13166.266666666668,1545.6,0.0,32.53333333333333,0.0,25.797588173229574,51.03713245166546,0.0,40.05751420700551,10.552198296510936,0.0,1.5656024754423168,0.0,
2023-07-21_10-18-47,2023-07-21_10-19-03,5,3,22.499216517857143,-16.578683035714278,4.002790178571429,0.005332589285714284,0.001251220703125,135.00189184570314,22.500216667175295,-0.002594970703114541,26120.666666666664,28940.2,0.0,13311.666666666666,1548.5333333333333,0.0,24.0,0.0,43.71981498385137,43.28582010569082,0.0,27.008640592718955,16.280390385709786,0.0,1.027402333828163,0.0,
2023-07-21_10-19-04,2023-07-21_10-19-19,5,3,22.499216517857143,-14.732979910714278,4.002790178571429,0.005332589285714284,0.001251220703125,135.00189184570314,22.500216667175295,-0.002594970703114541,26192.533333333333,29088.533333333336,0.0,13289.733333333334,1490.9333333333332,0.0,49.00000000000001,0.0,26.546730286212192,32.67102011807338,0.0,14.474652173905692,11.237041919967709,0.0,1.6261747890200622,0.0,
2023-07-21_10-19-20,2023-07-21_10-19-35,5,3,22.499216517857143,-12.897321428571445,4.002790178571429,0.005332589285714284,0.001251220703125,135.00189184570314,22.500216667175295,-0.002594970703114541,25608.933333333334,28462.333333333332,0.0,12973.93333333333,1367.1333333333334,0.0,91.79999999999998,0.0,45.40256967764363,34.661377801684914,0.0,27.150895217489822,9.748276200892565,0.0,2.6595739007091583,0.0,
2023-07-21_10-19-36,2023-07-21_10-19-51,5,3,22.499216517857143,-11.049107142857167,4.002790178571429,0.005332589285714284,0.001251220703125,135.00189184570314,22.500216667175295,-0.002594970703114541,26239.333333333332,29085.86666666667,0.0,13309.8,1289.8666666666666,0.0,143.8,0.0,19.269722940982454,41.743875132899355,0.0,29.27107028373851,9.19214640633817,0.0,2.428076513529911,0.0,
2023-07-21_10-19-52,2023-07-21_10-20-07,5,3,22.499216517857143,-9.205915178571445,4.002790178571429,0.005332589285714284,0.001251220703125,135.00189184570314,22.500216667175295,-0.002594970703114541,25638.266666666663,28551.13333333334,0.0,12950.8,1143.2666666666667,0.0,181.13333333333333,0.0,52.72195410305313,40.868026078531564,0.0,11.099349330278832,5.063376124462594,0.0,1.3021349989749724,0.0,
2023-07-21_10-20-08,2023-07-21_10-20-23,5,3,22.499216517857143,-7.370256696428555,4.002790178571429,0.005332589285714284,0.001251220703125,135.00189184570314,22.500216667175295,-0.002594970703114541,25755.4,28682.8,0.0,12977.066666666668,1035.6666666666665,0.0,231.93333333333334,0.0,37.362696785846424,38.292238842297884,0.0,26.990409819456737,4.75160791498812,0.0,3.8649421441695297,0.0,
2023-07-21_10-20-24,2023-07-21_10-20-40,5,3,22.499216517857143,-5.527064732142833,4.002790178571429,0.005332589285714284,0.001251220703125,135.00189184570314,22.500216667175295,-0.002594970703114541,25585.266666666666,28362.333333333332,0.0,12875.733333333334,958.2,0.0,272.4,0.0,55.30696158712762,31.856100061229856,0.0,17.053315089904206,7.520047281175239,0.0,2.204540768504856,0.0,
2023-07-21_10-20-41,2023-07-21_10-20-56,5,3,22.499216517857143,-3.681361607142833,4.002790178571429,0.005332589285714284,0.001251220703125,135.00189184570314,22.500216667175295,-0.002594970703114541,25854.0,28850.13333333334,0.0,13056.933333333332,901.0666666666668,0.0,310.4666666666667,0.0,74.68876161184525,66.8413212184069,0.0,25.56873090319504,5.4725578013291685,0.0,4.3685746467748965,0.0,
2023-07-21_10-20-57,2023-07-21_10-21-12,5,3,22.499216517857143,-1.845703125,4.002790178571429,0.005332589285714284,0.001251220703125,135.00189184570314,22.500216667175295,-0.002594970703114541,25448.133333333335,28274.26666666667,0.0,12811.333333333332,874.5333333333332,0.0,316.2666666666667,0.0,40.971073806880746,33.42045281959327,0.0,12.363476677518877,8.623997526282885,0.0,3.6914315199752314,0.0,
2023-07-21_10-21-13,2023-07-21_10-21-28,5,3,22.499216517857143,0.007533482142857143,4.002790178571429,0.005332589285714284,0.001251220703125,135.00189184570314,22.500216667175295,-0.002594970703114541,25645.133333333335,28617.333333333332,0.0,12980.133333333333,819.4666666666666,0.0,336.46666666666664,0.0,31.657647838503053,30.46546314180071,0.0,23.408355583233664,5.723829332031321,0.0,2.358436393507825,0.0,
