start,stop,num_samp,samp_period,C_UV_HWP,C_QP,C_PCC,B_C_HWP,B_HWP,B_QWP,A_HWP,A_QWP,A,B,Ap,Bp,C4,C5,C6,C7,A_SEM,B_SEM,Ap_SEM,Bp_SEM,C4_SEM,C5_SEM,C6_SEM,C7_SEM,note
2023-07-21_10-04-50,2023-07-21_10-05-05,5,3,22.499216517857143,-34.998046875,4.002790178571429,0.005332589285714284,0.001251220703125,135.00189184570314,67.49975985717774,-0.002594970703114541,22701.4,25558.13333333333,0.0,11640.466666666667,1180.9333333333334,0.0,133.13333333333333,0.0,30.167569047277333,35.0628958682347,0.0,35.79875851354497,6.346827729048766,0.0,1.8991226044325487,0.0,
2023-07-21_10-05-06,2023-07-21_10-05-21,5,3,22.499216517857143,-33.15987723214283,4.002790178571429,0.005332589285714284,0.001251220703125,135.00189184570314,67.49975985717774,-0.002594970703114541,23699.93333333333,26552.86666666667,0.0,12136.866666666665,1405.8000000000002,0.0,43.4,0.0,12.091502985337902,35.026117239695495,0.0,26.978098112687228,8.073000268384334,0.0,2.4571889991976144,0.0,
2023-07-21_10-05-22,2023-07-21_10-05-37,5,3,22.499216517857143,-31.316685267857167,4.002790178571429,0.005332589285714284,0.001251220703125,135.00189184570314,67.49975985717774,-0.002594970703114541,24414.86666666667,27266.733333333337,0.0,12459.4,1471.8666666666666,0.0,27.73333333333333,0.0,29.007776735060585,58.619526515392806,0.0,31.281766076884143,12.295708375056906,0.0,0.5416025603090638,0.0,
2023-07-21_10-05-38,2023-07-21_10-05-54,5,3,22.499216517857143,-29.465959821428555,4.002790178571429,0.005332589285714284,0.001251220703125,135.00189184570314,67.49975985717774,-0.002594970703114541,25102.2,28163.933333333338,0.0,12850.866666666665,1345.6,0.0,91.46666666666667,0.0,25.231505878343153,47.86374178621864,0.0,23.1786779413994,14.438143925034131,0.0,2.4485823562942626,0.0,
2023-07-21_10-05-54,2023-07-21_10-06-10,5,3,22.499216517857143,-27.630301339285722,4.002790178571429,0.005332589285714284,0.001251220703125,135.00189184570314,67.49975985717774,-0.002594970703114541,25431.733333333337,28293.666666666668,0.0,13037.0,1101.6,0.0,219.4,0.0,23.125118618314435,26.10810857441303,0.0,33.01228727475739,4.370863123508278,0.0,5.0347680074546535,0.0,
2023-07-21_10-06-11,2023-07-21_10-06-26,5,3,22.499216517857143,-25.794642857142833,4.002790178571429,0.005332589285714284,0.001251220703125,135.00189184570314,67.49975985717774,-0.002594970703114541,25371.26666666667,28408.666666666668,0.0,13043.2,786.2666666666667,0.0,359.6,0.0,32.909876936870916,44.46959010879713,0.0,18.787880254154267,7.8679377504174735,0.0,3.495075901258163,0.0,
2023-07-21_10-06-27,2023-07-21_10-06-42,5,3,22.499216517857143,-23.948939732142833,4.002790178571429,0.005332589285714284,0.001251220703125,135.00189184570314,67.49975985717774,-0.002594970703114541,25636.86666666667,28463.73333333333,0.0,13155.066666666666,494.6,0.0,500.4,0.0,25.85571073820583,27.29904353228843,0.0,17.37347915006582,6.577233460962136,0.0,4.8124837662063955,0.0,
2023-07-21_10-06-43,2023-07-21_10-06-58,5,3,22.499216517857143,-22.110770089285722,4.002790178571429,0.005332589285714284,0.001251220703125,135.00189184570314,67.49975985717774,-0.002594970703114541,25718.4,28537.06666666667,0.0,13179.466666666665,263.0,0.0,620.4,0.0,25.115156999531578,46.469033894746595,0.0,28.55999533146542,3.726779962499653,0.0,4.759084879353272,0.0,
2023-07-21_10-06-59,2023-07-21_10-07-14,5,3,22.499216517857143,-20.257533482142833,4.002790178571429,0.005332589285714284,0.001251220703125,135.00189184570314,67.49975985717774,-0.002594970703114541,25788.666666666664,28729.266666666663,0.0,13227.133333333335,117.73333333333335,0.0,686.2,0.0,34.50491108362558,57.22862531596921,0.0,24.26259123286988,0.2867441755680861,0.0,3.9869230686778345,0.0,
2023-07-21_10-07-15,2023-07-21_10-07-30,5,3,22.499216517857143,-18.416852678571445,4.002790178571429,0.005332589285714284,0.001251220703125,135.00189184570314,67.49975985717774,-0.002594970703114541,26117.666666666668,28923.0,0.0,13303.733333333334,56.46666666666666,0.0,745.9333333333334,0.0,26.19860047152694,46.1684115193734,0.0,23.73543998140987,1.2849556844930918,0.0,4.374674591072767,0.0,
2023-07-21_10-07-31,2023-07-21_10-07-46,5,3,22.499216517857143,-16.583705357142833,4.002790178571429,0.005332589285714284,0.001251220703125,135.00189184570314,67.49975985717774,-0.002594970703114541,26365.0,29176.2,0.0,13459.2,69.53333333333333,0.0,733.6666666666667,0.0,51.42794311785507,31.75454473159869,0.0,26.68137094595299,1.0984838035522713,0.0,6.357847294660529,0.0,
2023-07-21_10-07-47,2023-07-21_10-08-02,5,3,22.499216517857143,-14.735491071428555,4.002790178571429,0.005332589285714284,0.001251220703125,135.00189184570314,67.49975985717774,-0.002594970703114541,26472.6,29183.666666666664,0.0,13405.0,140.33333333333334,0.0,730.2,0.0,29.314274111201563,37.74593429172962,0.0,39.430247836457276,3.47530973839423,0.0,7.272933077896108,0.0,
2023-07-21_10-08-03,2023-07-21_10-08-18,5,3,22.499216517857143,-12.884765625,4.002790178571429,0.005332589285714284,0.001251220703125,135.00189184570314,67.49975985717774,-0.002594970703114541,26127.666666666668,28805.6,0.0,13204.666666666666,234.53333333333336,0.0,670.0666666666667,0.0,47.72083169620807,62.20248298009416,0.0,29.02757309869359,4.548015440216145,0.0,8.60193776618579,0.0,
2023-07-21_10-08-19,2023-07-21_10-08-35,5,3,22.499216517857143,-11.044084821428555,4.002790178571429,0.005332589285714284,0.001251220703125,135.00189184570314,67.49975985717774,-0.002594970703114541,26506.666666666668,29457.86666666667,0.0,13376.466666666665,365.1333333333333,0.0,618.3333333333333,0.0,37.88520672886607,34.72680680844557,0.0,13.008373371708563,4.35838910098164,0.0,10.141772801416694,0.0,
2023-07-21_10-08-36,2023-07-21_10-08-51,5,3,22.499216517857143,-9.200892857142833,4.002790178571429,0.005332589285714284,0.001251220703125,135.00189184570314,67.49975985717774,-0.002594970703114541,26184.866666666665,28967.86666666666,0.0,13182.6,482.4666666666667,0.0,560.3333333333333,0.0,42.67546784225747,30.19208873566428,0.0,29.853605775145063,7.245381670799373,0.0,3.1763011332190874,0.0,
2023-07-21_10-08-52,2023-07-21_10-09-07,5,3,22.499216517857143,-7.360212053571445,4.002790178571429,0.005332589285714284,0.001251220703125,135.00189184570314,67.49975985717774,-0.002594970703114541,26045.933333333338,28788.86666666666,0.0,13160.333333333332,579.3999999999999,0.0,515.7333333333333,0.0,25.158917129143674,49.4181253297929,0.0,9.519570485175329,7.0288295216518515,0.0,4.72863616701476,0.0,
2023-07-21_10-09-08,2023-07-21_10-09-24,5,3,22.499216517857143,-5.527064732142833,4.002790178571429,0.005332589285714284,0.001251220703125,135.00189184570314,67.49975985717774,-0.002594970703114541,25996.866666666665,28882.06666666667,0.0,13124.866666666665,664.9333333333334,0.0,468.2,0.0,29.990665214363265,19.004210059878602,0.0,33.74094117109234,7.640098894066181,0.0,5.53132493671774,0.0,
2023-07-21_10-09-25,2023-07-21_10-09-40,5,3,22.499216517857143,-3.6888950892857224,4.002790178571429,0.005332589285714284,0.001251220703125,135.00189184570314,67.49975985717774,-0.002594970703114541,26303.533333333336,29045.06666666667,0.0,13195.4,743.7333333333333,0.0,435.2,0.0,46.34899016040047,68.78520512758863,0.0,43.484786611718064,4.985980344927161,0.0,4.655462741053066,0.0,
2023-07-21_10-09-41,2023-07-21_10-09-56,5,3,22.499216517857143,-1.845703125,4.002790178571429,0.005332589285714284,0.001251220703125,135.00189184570314,67.49975985717774,-0.002594970703114541,25739.666666666668,28554.0,0.0,12911.866666666667,760.4,0.0,416.5333333333334,0.0,61.91777702010246,45.70934745152736,0.0,11.608713202686268,2.9200456617434365,0.0,3.6233808644536487,0.0,
2023-07-21_10-09-57,2023-07-21_10-10-12,5,3,22.499216517857143,-0.005022321428555188,4.002790178571429,0.005332589285714284,0.001251220703125,135.00189184570314,67.49975985717774,-0.002594970703114541,25991.2,28751.86666666666,0.0,13002.866666666667,790.4,0.0,401.7333333333333,0.0,21.423403609656184,18.250601207753277,0.0,30.644666021276283,2.621280433511671,0.0,3.2461943530506336,0.0,
