start,stop,num_samp,samp_period,C_UV_HWP,C_QP,C_PCC,B_C_HWP,B_HWP,B_QWP,A_HWP,A_QWP,A,B,Ap,Bp,C4,C5,C6,C7,A_SEM,B_SEM,Ap_SEM,Bp_SEM,C4_SEM,C5_SEM,C6_SEM,C7_SEM,note
2023-07-21_10-38-49,2023-07-21_10-39-05,5,3,22.499216517857143,-35.00055803571428,4.002790178571429,0.005332589285714284,0.001251220703125,135.00189184570314,0.00122851562497317,135.0001897583008,22527.866666666665,25718.666666666664,0.0,11644.533333333335,216.5333333333333,0.0,578.0666666666667,0.0,37.955617356181996,54.985452621579725,0.0,21.40186907725572,3.664544840616483,0.0,6.466494843078091,0.0,
2023-07-21_10-39-06,2023-07-21_10-39-21,5,3,22.499216517857143,-33.15987723214283,4.002790178571429,0.005332589285714284,0.001251220703125,135.00189184570314,0.00122851562497317,135.0001897583008,23371.93333333333,26543.8,0.0,12111.066666666668,506.0666666666666,0.0,464.0,0.0,35.456608849565605,53.12026188021141,0.0,31.963242778054923,6.771180760317131,0.0,7.140650452787114,0.0,
2023-07-21_10-39-22,2023-07-21_10-39-37,5,3,22.499216517857143,-31.306640625,4.002790178571429,0.005332589285714284,0.001251220703125,135.00189184570314,0.00122851562497317,135.0001897583008,24355.200000000004,27668.2,0.0,12596.866666666669,877.5333333333334,0.0,307.80000000000007,0.0,24.14967218549081,81.55111553157593,0.0,51.38823903493012,7.9718950765242305,0.0,6.568104749469207,0.0,
2023-07-21_10-39-38,2023-07-21_10-39-53,5,3,22.499216517857143,-29.478515625,4.002790178571429,0.005332589285714284,0.001251220703125,135.00189184570314,0.00122851562497317,135.0001897583008,25028.000000000004,28205.466666666664,0.0,12902.733333333334,1239.8,0.0,162.33333333333334,0.0,54.52593674369776,49.80446209371659,0.0,48.349238762248156,4.45296405654583,0.0,3.137585766866692,0.0,
2023-07-21_10-39-54,2023-07-21_10-40-10,5,3,22.499216517857143,-27.625279017857167,4.002790178571429,0.005332589285714284,0.001251220703125,135.00189184570314,0.00122851562497317,135.0001897583008,25131.399999999998,28437.73333333333,0.0,13033.000000000002,1436.2,0.0,62.53333333333334,0.0,50.253291766145544,21.106449777786075,0.0,31.513489175272195,10.78970702928388,0.0,1.6110727964792761,0.0,
2023-07-21_10-40-11,2023-07-21_10-40-26,5,3,22.499216517857143,-25.784598214285722,4.002790178571429,0.005332589285714284,0.001251220703125,135.00189184570314,0.00122851562497317,135.0001897583008,25052.266666666666,28372.6,0.0,12944.333333333332,1518.9333333333332,0.0,22.4,0.0,43.05828091732826,25.74024086911413,0.0,34.934541963824486,4.9299537973945045,0.0,1.6746475582773963,0.0,
2023-07-21_10-40-27,2023-07-21_10-40-43,5,3,22.499216517857143,-23.958984375,4.002790178571429,0.005332589285714284,0.001251220703125,135.00189184570314,0.00122851562497317,135.0001897583008,25449.466666666667,28502.86666666666,0.0,13132.0,1474.4666666666667,0.0,46.4,0.0,27.748793767577236,47.18045734788487,0.0,46.53015748474902,9.312238064921772,0.0,2.397684067780593,0.0,
2023-07-21_10-40-43,2023-07-21_10-40-59,5,3,22.499216517857143,-22.100725446428555,4.002790178571429,0.005332589285714284,0.001251220703125,135.00189184570314,0.00122851562497317,135.0001897583008,25629.133333333335,28546.466666666664,0.0,13146.6,1344.1333333333334,0.0,116.53333333333335,0.0,47.76081611065255,54.384903951168106,0.0,16.98999705709225,13.007092082569585,0.0,3.79853773034952,0.0,
2023-07-21_10-40-59,2023-07-21_10-41-15,5,3,22.499216517857143,-20.262555803571445,4.002790178571429,0.005332589285714284,0.001251220703125,135.00189184570314,0.00122851562497317,135.0001897583008,25562.73333333333,28559.13333333334,0.0,13150.666666666668,1125.3333333333335,0.0,208.8,0.0,38.09628153332907,39.616298553892015,0.0,55.606854093917434,2.0949675149960703,0.0,5.000666622228149,0.0,
2023-07-21_10-41-15,2023-07-21_10-41-31,5,3,22.499216517857143,-18.416852678571445,4.002790178571429,0.005332589285714284,0.001251220703125,135.00189184570314,0.00122851562497317,135.0001897583008,26057.8,29034.333333333332,0.0,13263.133333333335,913.4,0.0,322.8666666666667,0.0,26.978304040263733,50.925762962702265,0.0,23.901092490139984,5.79885046079537,0.0,3.2636040064798175,0.0,
2023-07-21_10-41-31,2023-07-21_10-41-47,5,3,22.499216517857143,-16.578683035714278,4.002790178571429,0.005332589285714284,0.001251220703125,135.00189184570314,0.00122851562497317,135.0001897583008,26215.73333333333,29167.93333333333,0.0,13310.866666666665,699.2,0.0,415.6666666666667,0.0,18.624476129843575,43.11733345702692,0.0,27.5262702805076,8.532031150643757,0.0,5.398559478642839,0.0,
2023-07-21_10-41-48,2023-07-21_10-42-03,5,3,22.499216517857143,-14.727957589285722,4.002790178571429,0.005332589285714284,0.001251220703125,135.00189184570314,0.00122851562497317,135.0001897583008,26347.93333333333,29209.8,0.0,13406.533333333335,508.6666666666667,0.0,523.9333333333333,0.0,40.00713825195559,48.717963832656196,0.0,26.474851798976722,9.46514072208591,0.0,3.8792897402603126,0.0,
2023-07-21_10-42-04,2023-07-21_10-42-19,5,3,22.499216517857143,-12.887276785714278,4.002790178571429,0.005332589285714284,0.001251220703125,135.00189184570314,0.00122851562497317,135.0001897583008,25833.86666666667,28634.266666666663,0.0,13074.8,330.6,0.0,601.1333333333333,0.0,51.40758698869261,50.05612405645851,0.0,30.31109074616446,1.4772346537440293,0.0,6.584999789082922,0.0,
2023-07-21_10-42-20,2023-07-21_10-42-36,5,3,22.499216517857143,-11.056640625,4.002790178571429,0.005332589285714284,0.001251220703125,135.00189184570314,0.00122851562497317,135.0001897583008,26197.4,29290.666666666668,0.0,13299.2,215.2,0.0,639.1333333333333,0.0,33.93235100084361,50.384300905914934,0.0,10.76547981074506,3.2771939216347876,0.0,8.042664014146338,0.0,
2023-07-21_10-42-36,2023-07-21_10-42-52,5,3,22.499216517857143,-9.205915178571445,4.002790178571429,0.005332589285714284,0.001251220703125,135.00189184570314,0.00122851562497317,135.0001897583008,25799.26666666667,28799.0,0.0,13107.333333333334,148.2,0.0,677.8,0.0,39.520374492152776,17.5556258789026,0.0,31.210753132712245,2.7880698221768667,0.0,2.3347614677116644,0.0,
2023-07-21_10-42-53,2023-07-21_10-43-08,5,3,22.499216517857143,-7.372767857142833,4.002790178571429,0.005332589285714284,0.001251220703125,135.00189184570314,0.00122851562497317,135.0001897583008,25832.0,28778.6,0.0,13111.733333333332,97.6,0.0,692.6666666666667,0.0,30.754042191411582,39.046610323788116,0.0,32.297299508713635,2.5130769099961,0.0,3.4156502553198713,0.0,
2023-07-21_10-43-09,2023-07-21_10-43-25,5,3,22.499216517857143,-5.517020089285722,4.002790178571429,0.005332589285714284,0.001251220703125,135.00189184570314,0.00122851562497317,135.0001897583008,25685.8,28609.6,0.0,12958.0,67.79999999999998,0.0,701.4666666666667,0.0,38.446875324559734,66.11575707298032,0.0,30.14262393650872,0.8205689083394103,0.0,5.519259209551785,0.0,
2023-07-21_10-43-26,2023-07-21_10-43-41,5,3,22.499216517857143,-3.683872767857167,4.002790178571429,0.005332589285714284,0.001251220703125,135.00189184570314,0.00122851562497317,135.0001897583008,25918.8,28969.8,0.0,13060.6,54.333333333333336,0.0,715.0666666666667,0.0,35.19668545000577,38.516461127390244,0.0,18.549453421117832,2.2681367781605326,0.0,5.303457991411513,0.0,
2023-07-21_10-43-43,2023-07-21_10-43-58,5,3,22.499216517857143,-1.8607700892857224,4.002790178571429,0.005332589285714284,0.001251220703125,135.00189184570314,0.00122851562497317,135.0001897583008,25379.999999999996,28455.266666666663,0.0,12893.800000000001,47.86666666666667,0.0,691.5333333333332,0.0,46.67630852775065,64.08990213407725,0.0,43.723576147327336,2.0725722075613087,0.0,3.388870673903695,0.0,
2023-07-21_10-43-59,2023-07-21_10-44-14,5,3,22.499216517857143,-0.017578125,4.002790178571429,0.005332589285714284,0.001251220703125,135.00189184570314,0.00122851562497317,135.0001897583008,25672.8,28707.2,0.0,12972.266666666666,43.53333333333334,0.0,713.6,0.0,35.700077808816744,42.79156199273133,0.0,27.838502514004407,1.8666666666666671,0.0,5.911758527620104,0.0,
