start,stop,num_samp,samp_period,C_UV_HWP,C_QP,C_PCC,B_C_HWP,B_HWP,B_QWP,A_HWP,A_QWP,A,B,Ap,Bp,C4,C5,C6,C7,A_SEM,B_SEM,Ap_SEM,Bp_SEM,C4_SEM,C5_SEM,C6_SEM,C7_SEM,note
2023-07-21_10-21-50,2023-07-21_10-22-06,5,3,22.499216517857143,-34.99051339285711,4.002790178571429,0.005332589285714284,0.001251220703125,45.00021337890625,0.00122851562497317,45.00006387329101,22380.799999999996,25161.866666666665,0.0,11588.733333333334,244.7333333333333,0.0,567.6,0.0,34.6032432648222,38.17541384480607,0.0,32.194616527198235,2.012185103038206,0.0,3.2819370973726985,0.0,
2023-07-21_10-22-06,2023-07-21_10-22-22,5,3,22.499216517857143,-33.157366071428555,4.002790178571429,0.005332589285714284,0.001251220703125,45.00021337890625,0.00122851562497317,45.00006387329101,23360.13333333333,26514.73333333333,0.0,12163.733333333334,555.4666666666667,0.0,449.0,0.0,76.93775261715001,63.46673669463952,0.0,24.272618317766934,6.384529913957816,0.0,3.1287200080686155,0.0,
2023-07-21_10-22-23,2023-07-21_10-22-38,5,3,22.499216517857143,-31.316685267857167,4.002790178571429,0.005332589285714284,0.001251220703125,45.00021337890625,0.00122851562497317,45.00006387329101,23947.4,27011.533333333333,0.0,12442.933333333332,928.8666666666666,0.0,287.2666666666667,0.0,28.523167971161573,54.85329930318167,0.0,27.520578159301373,8.06336020389626,0.0,2.0094222497468768,0.0,
2023-07-21_10-22-39,2023-07-21_10-22-54,5,3,22.499216517857143,-29.476004464285722,4.002790178571429,0.005332589285714284,0.001251220703125,45.00021337890625,0.00122851562497317,45.00006387329101,24991.866666666665,28107.0,0.0,12823.000000000002,1288.9333333333334,0.0,139.13333333333333,0.0,35.192739150127,31.257532425534226,0.0,34.084698424170625,13.408703641043509,0.0,2.66374840320094,0.0,
2023-07-21_10-22-56,2023-07-21_10-23-11,5,3,22.499216517857143,-27.637834821428555,4.002790178571429,0.005332589285714284,0.001251220703125,45.00021337890625,0.00122851562497317,45.00006387329101,25158.2,28269.933333333338,0.0,12869.466666666667,1494.4,0.0,47.06666666666668,0.0,29.66902612340188,28.00186501725268,0.0,21.092810781559496,5.167634317987713,0.0,2.3031379560166263,0.0,
2023-07-21_10-23-12,2023-07-21_10-23-27,5,3,22.499216517857143,-25.782087053571445,4.002790178571429,0.005332589285714284,0.001251220703125,45.00021337890625,0.00122851562497317,45.00006387329101,25315.4,28203.06666666667,0.0,12904.066666666668,1527.0,0.0,26.933333333333337,0.0,67.50385997193905,62.33256684020741,0.0,24.358069618825564,15.890947807548248,0.0,1.637749132871766,0.0,
2023-07-21_10-23-29,2023-07-21_10-23-44,5,3,22.499216517857143,-23.943917410714278,4.002790178571429,0.005332589285714284,0.001251220703125,45.00021337890625,0.00122851562497317,45.00006387329101,25595.26666666667,28512.13333333333,0.0,12988.066666666666,1441.3999999999999,0.0,64.2,0.0,27.44254604320346,40.26338286830863,0.0,26.58203236106018,11.02391340072419,0.0,2.0564262420249575,0.0,
2023-07-21_10-23-45,2023-07-21_10-24-00,5,3,22.499216517857143,-22.100725446428555,4.002790178571429,0.005332589285714284,0.001251220703125,45.00021337890625,0.00122851562497317,45.00006387329101,25806.2,28393.666666666664,0.0,13105.466666666667,1279.3333333333335,0.0,146.26666666666665,0.0,19.44296502308478,85.14582262865943,0.0,26.470654611391193,6.214677966091401,0.0,2.5742312768410427,0.0,
2023-07-21_10-24-01,2023-07-21_10-24-17,5,3,22.499216517857143,-20.257533482142833,4.002790178571429,0.005332589285714284,0.001251220703125,45.00021337890625,0.00122851562497317,45.00006387329101,25885.0,28429.733333333337,0.0,13112.4,1058.4666666666667,0.0,264.0,0.0,39.31595661362474,55.11315632405756,0.0,20.43863444014231,4.234251868853469,0.0,3.934180699685484,0.0,
2023-07-21_10-24-17,2023-07-21_10-24-33,5,3,22.499216517857143,-18.424386160714278,4.002790178571429,0.005332589285714284,0.001251220703125,45.00021337890625,0.00122851562497317,45.00006387329101,26336.13333333333,28897.13333333333,0.0,13326.666666666666,834.3333333333334,0.0,376.3333333333333,0.0,55.47297640393094,25.328201234548736,0.0,20.392536761167023,14.587285178842857,0.0,6.718961559976699,0.0,
2023-07-21_10-24-34,2023-07-21_10-24-49,5,3,22.499216517857143,-16.583705357142833,4.002790178571429,0.005332589285714284,0.001251220703125,45.00021337890625,0.00122851562497317,45.00006387329101,26442.86666666667,28914.4,0.0,13330.93333333333,619.7333333333333,0.0,486.9333333333334,0.0,26.423810811042635,17.570303228901906,0.0,42.160987759881586,6.53316326309256,0.0,2.0907202374088936,0.0,
2023-07-21_10-24-50,2023-07-21_10-25-05,5,3,22.499216517857143,-14.735491071428555,4.002790178571429,0.005332589285714284,0.001251220703125,45.00021337890625,0.00122851562497317,45.00006387329101,26522.86666666667,29105.4,0.0,13449.466666666669,425.7333333333333,0.0,582.9333333333333,0.0,38.13318764540905,37.63470620466003,0.0,29.863504296865216,9.863175057871686,0.0,6.5306116780045205,0.0,
2023-07-21_10-25-06,2023-07-21_10-25-21,5,3,22.499216517857143,-12.899832589285722,4.002790178571429,0.005332589285714284,0.001251220703125,45.00021337890625,0.00122851562497317,45.00006387329101,26253.333333333336,28647.86666666667,0.0,13254.666666666668,266.26666666666665,0.0,647.9333333333333,0.0,50.693413992571195,35.01786845470652,0.0,27.687943625741106,5.435888969514451,0.0,5.140687372975212,0.0,
2023-07-21_10-25-22,2023-07-21_10-25-37,5,3,22.499216517857143,-11.046595982142833,4.002790178571429,0.005332589285714284,0.001251220703125,45.00021337890625,0.00122851562497317,45.00006387329101,26409.8,29035.466666666667,0.0,13436.533333333331,161.06666666666666,0.0,700.9333333333334,0.0,35.96195520577558,71.89371785258193,0.0,32.15735616551144,3.49666507785156,0.0,7.441176728926083,0.0,
2023-07-21_10-25-38,2023-07-21_10-25-54,5,3,22.499216517857143,-9.200892857142833,4.002790178571429,0.005332589285714284,0.001251220703125,45.00021337890625,0.00122851562497317,45.00006387329101,25875.733333333334,28556.533333333333,0.0,13164.066666666666,91.26666666666668,0.0,721.8,0.0,55.32955810414508,49.072689847703415,0.0,22.632670584307405,3.7674040576149146,0.0,5.104028909705655,0.0,
2023-07-21_10-25-54,2023-07-21_10-26-10,5,3,22.499216517857143,-7.367745535714278,4.002790178571429,0.005332589285714284,0.001251220703125,45.00021337890625,0.00122851562497317,45.00006387329101,25912.6,28434.266666666663,0.0,13147.4,60.266666666666666,0.0,734.2,0.0,28.49881089137298,43.82558866943215,0.0,43.66200992981337,2.4092414666123543,0.0,4.459197735517511,0.0,
2023-07-21_10-26-11,2023-07-21_10-26-26,5,3,22.499216517857143,-5.517020089285722,4.002790178571429,0.005332589285714284,0.001251220703125,45.00021337890625,0.00122851562497317,45.00006387329101,25768.333333333332,28324.2,0.0,13060.6,43.33333333333333,0.0,743.3333333333334,0.0,38.039453203221,52.745152489220246,0.0,23.69796053109487,1.4298407059684808,0.0,3.323318288163863,0.0,
2023-07-21_10-26-27,2023-07-21_10-26-42,5,3,22.499216517857143,-3.6763392857142776,4.002790178571429,0.005332589285714284,0.001251220703125,45.00021337890625,0.00122851562497317,45.00006387329101,26011.533333333333,28745.466666666664,0.0,13232.266666666666,36.06666666666667,0.0,744.6666666666666,0.0,43.39848947704148,20.466666666666757,0.0,26.468303895624075,2.242022896106698,0.0,4.6151923036857205,0.0,
2023-07-21_10-26-43,2023-07-21_10-26-59,5,3,22.499216517857143,-1.8381696428571672,4.002790178571429,0.005332589285714284,0.001251220703125,45.00021337890625,0.00122851562497317,45.00006387329101,25575.866666666665,28108.733333333337,0.0,12950.866666666667,32.6,0.0,738.0,0.0,24.519289458619184,17.956552502576283,0.0,17.10282627715875,1.3266499161421603,0.0,4.503085362035422,0.0,
2023-07-21_10-27-00,2023-07-21_10-27-15,5,3,22.499216517857143,0.007533482142857143,4.002790178571429,0.005332589285714284,0.001251220703125,45.00021337890625,0.00122851562497317,45.00006387329101,25801.6,28475.266666666663,0.0,13134.866666666665,36.266666666666666,0.0,756.4,0.0,21.47127279775356,22.737976065506324,0.0,28.846836914989513,1.127435635019184,0.0,7.5552777726713725,0.0,
